   1.0000000e+00   5.6088300e-01
   2.0000000e+00   5.6088300e-01
   3.0000000e+00   5.6089800e-01
   4.0000000e+00   5.6096500e-01
   5.0000000e+00   5.6096600e-01
   6.0000000e+00   5.6096800e-01
   7.0000000e+00   5.6097300e-01
   8.0000000e+00   5.6097300e-01
   9.0000000e+00   5.6097500e-01
   1.0000000e+01   5.6097500e-01
   1.1000000e+01   5.6097600e-01
   1.2000000e+01   5.6097700e-01
   1.3000000e+01   5.6097800e-01
   1.4000000e+01   5.6098000e-01
   1.5000000e+01   5.6098500e-01
   1.6000000e+01   5.6098800e-01
   1.7000000e+01   5.6099200e-01
   1.8000000e+01   5.6099400e-01
   1.9000000e+01   5.6099500e-01
   2.0000000e+01   5.6099600e-01
   2.1000000e+01   5.6099600e-01
   2.2000000e+01   5.6099900e-01
   2.3000000e+01   5.6100900e-01
   2.4000000e+01   5.6101300e-01
   2.5000000e+01   5.6101600e-01
   2.6000000e+01   5.6101700e-01
   2.7000000e+01   5.6101700e-01
   2.8000000e+01   5.6101900e-01
   2.9000000e+01   5.6103400e-01
   3.0000000e+01   5.6103900e-01
   3.1000000e+01   5.6105400e-01
   3.2000000e+01   5.6105700e-01
   3.3000000e+01   5.6106100e-01
   3.4000000e+01   5.6106200e-01
   3.5000000e+01   5.6106300e-01
   3.6000000e+01   5.6107900e-01
   3.7000000e+01   5.6108200e-01
   3.8000000e+01   5.6108600e-01
   3.9000000e+01   5.6109000e-01
   4.0000000e+01   5.6109100e-01
   4.1000000e+01   5.6109600e-01
   4.2000000e+01   5.6110900e-01
   4.3000000e+01   5.6111000e-01
   4.4000000e+01   5.6111100e-01
   4.5000000e+01   5.6111200e-01
   4.6000000e+01   5.6111200e-01
   4.7000000e+01   5.6111600e-01
   4.8000000e+01   5.6111800e-01
   4.9000000e+01   5.6112400e-01
   5.0000000e+01   5.6113100e-01
   5.1000000e+01   5.6113400e-01
   5.2000000e+01   5.6113600e-01
   5.3000000e+01   5.6113700e-01
   5.4000000e+01   5.6114000e-01
   5.5000000e+01   5.6114900e-01
   5.6000000e+01   5.6114900e-01
   5.7000000e+01   5.6117100e-01
   5.8000000e+01   5.6117100e-01
   5.9000000e+01   5.6117500e-01
   6.0000000e+01   5.6121900e-01
   6.1000000e+01   5.6121900e-01
   6.2000000e+01   5.6122200e-01
   6.3000000e+01   5.6124700e-01
   6.4000000e+01   5.6124900e-01
   6.5000000e+01   5.6124900e-01
   6.6000000e+01   5.6124900e-01
   6.7000000e+01   5.6125500e-01
   6.8000000e+01   5.6128000e-01
   6.9000000e+01   5.6128000e-01
   7.0000000e+01   5.6128300e-01
   7.1000000e+01   5.6128400e-01
   7.2000000e+01   5.6131700e-01
   7.3000000e+01   5.6131800e-01
   7.4000000e+01   5.6131900e-01
   7.5000000e+01   5.6132400e-01
   7.6000000e+01   5.6133200e-01
   7.7000000e+01   5.6134500e-01
   7.8000000e+01   5.6135300e-01
   7.9000000e+01   5.6135400e-01
   8.0000000e+01   5.6142400e-01
   8.1000000e+01   5.6142400e-01
   8.2000000e+01   5.6143000e-01
   8.3000000e+01   5.6143100e-01
   8.4000000e+01   5.6144000e-01
   8.5000000e+01   5.6144900e-01
   8.6000000e+01   5.6145000e-01
   8.7000000e+01   5.6146700e-01
   8.8000000e+01   5.6146800e-01
   8.9000000e+01   5.6147200e-01
   9.0000000e+01   5.6147700e-01
   9.1000000e+01   5.6148300e-01
   9.2000000e+01   5.6149100e-01
   9.3000000e+01   5.6149800e-01
   9.4000000e+01   5.6150000e-01
   9.5000000e+01   5.6150000e-01
   9.6000000e+01   5.6150600e-01
   9.7000000e+01   5.6150600e-01
   9.8000000e+01   5.6150800e-01
   9.9000000e+01   5.6151900e-01
   1.0000000e+02   5.6154600e-01
   1.0100000e+02   5.6154700e-01
   1.0200000e+02   5.6155100e-01
   1.0300000e+02   5.6157300e-01
   1.0400000e+02   5.6158200e-01
   1.0500000e+02   5.6159000e-01
   1.0600000e+02   5.6159500e-01
   1.0700000e+02   5.6159700e-01
   1.0800000e+02   5.6163400e-01
   1.0900000e+02   5.6164400e-01
   1.1000000e+02   5.6164600e-01
   1.1100000e+02   5.6164900e-01
   1.1200000e+02   5.6167600e-01
   1.1300000e+02   5.6168800e-01
   1.1400000e+02   5.6170100e-01
   1.1500000e+02   5.6175700e-01
   1.1600000e+02   5.6175900e-01
   1.1700000e+02   5.6178000e-01
   1.1800000e+02   5.6179200e-01
   1.1900000e+02   5.6179200e-01
   1.2000000e+02   5.6179500e-01
   1.2100000e+02   5.6180100e-01
   1.2200000e+02   5.6180300e-01
   1.2300000e+02   5.6185700e-01
   1.2400000e+02   5.6186400e-01
   1.2500000e+02   5.6186500e-01
   1.2600000e+02   5.6188500e-01
   1.2700000e+02   5.6193700e-01
   1.2800000e+02   5.6194600e-01
   1.2900000e+02   5.6197400e-01
   1.3000000e+02   5.6199800e-01
   1.3100000e+02   5.6200000e-01
   1.3200000e+02   5.6200500e-01
   1.3300000e+02   5.6200500e-01
   1.3400000e+02   5.6207700e-01
   1.3500000e+02   5.6214900e-01
   1.3600000e+02   5.6217200e-01
   1.3700000e+02   5.6217500e-01
   1.3800000e+02   5.6219600e-01
   1.3900000e+02   5.6220600e-01
   1.4000000e+02   5.6221200e-01
   1.4100000e+02   5.6221400e-01
   1.4200000e+02   5.6221600e-01
   1.4300000e+02   5.6222500e-01
   1.4400000e+02   5.6224600e-01
   1.4500000e+02   5.6227000e-01
   1.4600000e+02   5.6227200e-01
   1.4700000e+02   5.6229200e-01
   1.4800000e+02   5.6230500e-01
   1.4900000e+02   5.6231200e-01
   1.5000000e+02   5.6232200e-01
   1.5100000e+02   5.6240200e-01
   1.5200000e+02   5.6241000e-01
   1.5300000e+02   5.6243200e-01
   1.5400000e+02   5.6246400e-01
   1.5500000e+02   5.6248100e-01
   1.5600000e+02   5.6249300e-01
   1.5700000e+02   5.6251100e-01
   1.5800000e+02   5.6256400e-01
   1.5900000e+02   5.6258200e-01
   1.6000000e+02   5.6259700e-01
   1.6100000e+02   5.6260000e-01
   1.6200000e+02   5.6268600e-01
   1.6300000e+02   5.6273200e-01
   1.6400000e+02   5.6275400e-01
   1.6500000e+02   5.6276000e-01
   1.6600000e+02   5.6276300e-01
   1.6700000e+02   5.6283700e-01
   1.6800000e+02   5.6287000e-01
   1.6900000e+02   5.6293100e-01
   1.7000000e+02   5.6294900e-01
   1.7100000e+02   5.6297400e-01
   1.7200000e+02   5.6298300e-01
   1.7300000e+02   5.6299000e-01
   1.7400000e+02   5.6302000e-01
   1.7500000e+02   5.6303000e-01
   1.7600000e+02   5.6304900e-01
   1.7700000e+02   5.6306200e-01
   1.7800000e+02   5.6308900e-01
   1.7900000e+02   5.6316400e-01
   1.8000000e+02   5.6316800e-01
   1.8100000e+02   5.6317100e-01
   1.8200000e+02   5.6317200e-01
   1.8300000e+02   5.6319100e-01
   1.8400000e+02   5.6323500e-01
   1.8500000e+02   5.6329000e-01
   1.8600000e+02   5.6330800e-01
   1.8700000e+02   5.6331000e-01
   1.8800000e+02   5.6335300e-01
   1.8900000e+02   5.6336000e-01
   1.9000000e+02   5.6337000e-01
   1.9100000e+02   5.6337400e-01
   1.9200000e+02   5.6346100e-01
   1.9300000e+02   5.6346600e-01
   1.9400000e+02   5.6347200e-01
   1.9500000e+02   5.6349900e-01
   1.9600000e+02   5.6359500e-01
   1.9700000e+02   5.6360100e-01
   1.9800000e+02   5.6360500e-01
   1.9900000e+02   5.6362400e-01
   2.0000000e+02   5.6367500e-01
   2.0100000e+02   5.6368600e-01
   2.0200000e+02   5.6372900e-01
   2.0300000e+02   5.6372900e-01
   2.0400000e+02   5.6384000e-01
   2.0500000e+02   5.6388200e-01
   2.0600000e+02   5.6392300e-01
   2.0700000e+02   5.6392500e-01
   2.0800000e+02   5.6398900e-01
   2.0900000e+02   5.6399600e-01
   2.1000000e+02   5.6400900e-01
   2.1100000e+02   5.6401000e-01
   2.1200000e+02   5.6407800e-01
   2.1300000e+02   5.6409400e-01
   2.1400000e+02   5.6409700e-01
   2.1500000e+02   5.6410200e-01
   2.1600000e+02   5.6418000e-01
   2.1700000e+02   5.6420100e-01
   2.1800000e+02   5.6420500e-01
   2.1900000e+02   5.6420700e-01
   2.2000000e+02   5.6430100e-01
   2.2100000e+02   5.6432100e-01
   2.2200000e+02   5.6432400e-01
   2.2300000e+02   5.6433100e-01
   2.2400000e+02   5.6437800e-01
   2.2500000e+02   5.6439500e-01
   2.2600000e+02   5.6440000e-01
   2.2700000e+02   5.6443300e-01
   2.2800000e+02   5.6444200e-01
   2.2900000e+02   5.6451800e-01
   2.3000000e+02   5.6453900e-01
   2.3100000e+02   5.6455900e-01
   2.3200000e+02   5.6457500e-01
   2.3300000e+02   5.6466400e-01
   2.3400000e+02   5.6469700e-01
   2.3500000e+02   5.6470100e-01
   2.3600000e+02   5.6475100e-01
   2.3700000e+02   5.6480200e-01
   2.3800000e+02   5.6481300e-01
   2.3900000e+02   5.6482400e-01
   2.4000000e+02   5.6484800e-01
   2.4100000e+02   5.6488000e-01
   2.4200000e+02   5.6491700e-01
   2.4300000e+02   5.6492500e-01
   2.4400000e+02   5.6492900e-01
   2.4500000e+02   5.6495800e-01
   2.4600000e+02   5.6496300e-01
   2.4700000e+02   5.6496400e-01
   2.4800000e+02   5.6505700e-01
   2.4900000e+02   5.6506300e-01
   2.5000000e+02   5.6506500e-01
   2.5100000e+02   5.6507500e-01
   2.5200000e+02   5.6508300e-01
   2.5300000e+02   5.6508900e-01
   2.5400000e+02   5.6510200e-01
   2.5500000e+02   5.6510500e-01
   2.5600000e+02   5.6511200e-01
   2.5700000e+02   5.6517800e-01
   2.5800000e+02   5.6522800e-01
   2.5900000e+02   5.6524600e-01
   2.6000000e+02   5.6526100e-01
   2.6100000e+02   5.6526600e-01
   2.6200000e+02   5.6527400e-01
   2.6300000e+02   5.6527400e-01
   2.6400000e+02   5.6527700e-01
   2.6500000e+02   5.6535800e-01
   2.6600000e+02   5.6538100e-01
   2.6700000e+02   5.6539500e-01
   2.6800000e+02   5.6541100e-01
   2.6900000e+02   5.6541700e-01
   2.7000000e+02   5.6543400e-01
   2.7100000e+02   5.6543600e-01
   2.7200000e+02   5.6545000e-01
   2.7300000e+02   5.6545900e-01
   2.7400000e+02   5.6549600e-01
   2.7500000e+02   5.6556000e-01
   2.7600000e+02   5.6557000e-01
   2.7700000e+02   5.6557300e-01
   2.7800000e+02   5.6558000e-01
   2.7900000e+02   5.6559600e-01
   2.8000000e+02   5.6560300e-01
   2.8100000e+02   5.6572500e-01
   2.8200000e+02   5.6574300e-01
   2.8300000e+02   5.6574800e-01
   2.8400000e+02   5.6574900e-01
   2.8500000e+02   5.6576200e-01
   2.8600000e+02   5.6577500e-01
   2.8700000e+02   5.6577800e-01
   2.8800000e+02   5.6580700e-01
   2.8900000e+02   5.6588900e-01
   2.9000000e+02   5.6590900e-01
   2.9100000e+02   5.6592100e-01
   2.9200000e+02   5.6599500e-01
   2.9300000e+02   5.6599700e-01
   2.9400000e+02   5.6600800e-01
   2.9500000e+02   5.6603000e-01
   2.9600000e+02   5.6607300e-01
   2.9700000e+02   5.6624500e-01
   2.9800000e+02   5.6624600e-01
   2.9900000e+02   5.6626700e-01
   3.0000000e+02   5.6627300e-01
   3.0100000e+02   5.6634600e-01
   3.0200000e+02   5.6636900e-01
   3.0300000e+02   5.6637100e-01
   3.0400000e+02   5.6642000e-01
   3.0500000e+02   5.6650200e-01
   3.0600000e+02   5.6650600e-01
   3.0700000e+02   5.6652100e-01
   3.0800000e+02   5.6657900e-01
   3.0900000e+02   5.6658400e-01
   3.1000000e+02   5.6659300e-01
   3.1100000e+02   5.6662600e-01
   3.1200000e+02   5.6676200e-01
   3.1300000e+02   5.6688800e-01
   3.1400000e+02   5.6692000e-01
   3.1500000e+02   5.6693500e-01
   3.1600000e+02   5.6694800e-01
   3.1700000e+02   5.6700600e-01
   3.1800000e+02   5.6704900e-01
   3.1900000e+02   5.6705000e-01
   3.2000000e+02   5.6706100e-01
   3.2100000e+02   5.6706200e-01
   3.2200000e+02   5.6708200e-01
   3.2300000e+02   5.6709200e-01
   3.2400000e+02   5.6714500e-01
   3.2500000e+02   5.6715700e-01
   3.2600000e+02   5.6716700e-01
   3.2700000e+02   5.6719100e-01
   3.2800000e+02   5.6724400e-01
   3.2900000e+02   5.6752000e-01
   3.3000000e+02   5.6757700e-01
   3.3100000e+02   5.6761300e-01
   3.3200000e+02   5.6765200e-01
   3.3300000e+02   5.6773700e-01
   3.3400000e+02   5.6774200e-01
   3.3500000e+02   5.6778800e-01
   3.3600000e+02   5.6784100e-01
   3.3700000e+02   5.6786400e-01
   3.3800000e+02   5.6789500e-01
   3.3900000e+02   5.6790100e-01
   3.4000000e+02   5.6799800e-01
   3.4100000e+02   5.6803600e-01
   3.4200000e+02   5.6803900e-01
   3.4300000e+02   5.6804300e-01
   3.4400000e+02   5.6812200e-01
   3.4500000e+02   5.6824500e-01
   3.4600000e+02   5.6829700e-01
   3.4700000e+02   5.6830500e-01
   3.4800000e+02   5.6831600e-01
   3.4900000e+02   5.6832600e-01
   3.5000000e+02   5.6835600e-01
   3.5100000e+02   5.6836400e-01
   3.5200000e+02   5.6839100e-01
   3.5300000e+02   5.6840500e-01
   3.5400000e+02   5.6840700e-01
   3.5500000e+02   5.6842000e-01
   3.5600000e+02   5.6849300e-01
   3.5700000e+02   5.6849800e-01
   3.5800000e+02   5.6852400e-01
   3.5900000e+02   5.6866700e-01
   3.6000000e+02   5.6871200e-01
   3.6100000e+02   5.6879200e-01
   3.6200000e+02   5.6883700e-01
   3.6300000e+02   5.6885700e-01
   3.6400000e+02   5.6894100e-01
   3.6500000e+02   5.6906500e-01
   3.6600000e+02   5.6907100e-01
   3.6700000e+02   5.6908700e-01
   3.6800000e+02   5.6910300e-01
   3.6900000e+02   5.6922700e-01
   3.7000000e+02   5.6923800e-01
   3.7100000e+02   5.6926300e-01
   3.7200000e+02   5.6929200e-01
   3.7300000e+02   5.6930400e-01
   3.7400000e+02   5.6930500e-01
   3.7500000e+02   5.6930900e-01
   3.7600000e+02   5.6935600e-01
   3.7700000e+02   5.6937100e-01
   3.7800000e+02   5.6938900e-01
   3.7900000e+02   5.6945000e-01
   3.8000000e+02   5.6946700e-01
   3.8100000e+02   5.6946700e-01
   3.8200000e+02   5.6955400e-01
   3.8300000e+02   5.6960900e-01
   3.8400000e+02   5.6967500e-01
   3.8500000e+02   5.6985400e-01
   3.8600000e+02   5.6988300e-01
   3.8700000e+02   5.6990700e-01
   3.8800000e+02   5.7001600e-01
   3.8900000e+02   5.7002900e-01
   3.9000000e+02   5.7007400e-01
   3.9100000e+02   5.7008700e-01
   3.9200000e+02   5.7011200e-01
   3.9300000e+02   5.7018400e-01
   3.9400000e+02   5.7030400e-01
   3.9500000e+02   5.7032100e-01
   3.9600000e+02   5.7032800e-01
   3.9700000e+02   5.7034500e-01
   3.9800000e+02   5.7034800e-01
   3.9900000e+02   5.7035700e-01
   4.0000000e+02   5.7036500e-01
   4.0100000e+02   5.7039100e-01
   4.0200000e+02   5.7041800e-01
   4.0300000e+02   5.7053300e-01
   4.0400000e+02   5.7054300e-01
   4.0500000e+02   5.7082200e-01
   4.0600000e+02   5.7083400e-01
   4.0700000e+02   5.7085300e-01
   4.0800000e+02   5.7094500e-01
   4.0900000e+02   5.7109300e-01
   4.1000000e+02   5.7115500e-01
   4.1100000e+02   5.7116100e-01
   4.1200000e+02   5.7116300e-01
   4.1300000e+02   5.7117600e-01
   4.1400000e+02   5.7118200e-01
   4.1500000e+02   5.7119600e-01
   4.1600000e+02   5.7129600e-01
   4.1700000e+02   5.7129800e-01
   4.1800000e+02   5.7139300e-01
   4.1900000e+02   5.7139500e-01
   4.2000000e+02   5.7144000e-01
   4.2100000e+02   5.7149000e-01
   4.2200000e+02   5.7150600e-01
   4.2300000e+02   5.7150800e-01
   4.2400000e+02   5.7172800e-01
   4.2500000e+02   5.7188500e-01
   4.2600000e+02   5.7190900e-01
   4.2700000e+02   5.7193100e-01
   4.2800000e+02   5.7194900e-01
   4.2900000e+02   5.7195500e-01
   4.3000000e+02   5.7196600e-01
   4.3100000e+02   5.7202900e-01
   4.3200000e+02   5.7207000e-01
   4.3300000e+02   5.7208500e-01
   4.3400000e+02   5.7209100e-01
   4.3500000e+02   5.7211800e-01
   4.3600000e+02   5.7212800e-01
   4.3700000e+02   5.7219600e-01
   4.3800000e+02   5.7228400e-01
   4.3900000e+02   5.7244900e-01
   4.4000000e+02   5.7260400e-01
   4.4100000e+02   5.7262300e-01
   4.4200000e+02   5.7263600e-01
   4.4300000e+02   5.7264500e-01
   4.4400000e+02   5.7273200e-01
   4.4500000e+02   5.7280300e-01
   4.4600000e+02   5.7281100e-01
   4.4700000e+02   5.7281900e-01
   4.4800000e+02   5.7285000e-01
   4.4900000e+02   5.7288100e-01
   4.5000000e+02   5.7288600e-01
   4.5100000e+02   5.7289400e-01
   4.5200000e+02   5.7295400e-01
   4.5300000e+02   5.7301000e-01
   4.5400000e+02   5.7304100e-01
   4.5500000e+02   5.7305300e-01
   4.5600000e+02   5.7322400e-01
   4.5700000e+02   5.7324600e-01
   4.5800000e+02   5.7346500e-01
   4.5900000e+02   5.7352700e-01
   4.6000000e+02   5.7356900e-01
   4.6100000e+02   5.7360700e-01
   4.6200000e+02   5.7367200e-01
   4.6300000e+02   5.7369600e-01
   4.6400000e+02   5.7372200e-01
   4.6500000e+02   5.7373600e-01
   4.6600000e+02   5.7374900e-01
   4.6700000e+02   5.7375400e-01
   4.6800000e+02   5.7381900e-01
   4.6900000e+02   5.7383100e-01
   4.7000000e+02   5.7384700e-01
   4.7100000e+02   5.7394700e-01
   4.7200000e+02   5.7396200e-01
   4.7300000e+02   5.7397800e-01
   4.7400000e+02   5.7404200e-01
   4.7500000e+02   5.7413600e-01
   4.7600000e+02   5.7415000e-01
   4.7700000e+02   5.7415000e-01
   4.7800000e+02   5.7432200e-01
   4.7900000e+02   5.7433000e-01
   4.8000000e+02   5.7437000e-01
   4.8100000e+02   5.7449600e-01
   4.8200000e+02   5.7450400e-01
   4.8300000e+02   5.7460000e-01
   4.8400000e+02   5.7462800e-01
   4.8500000e+02   5.7469700e-01
   4.8600000e+02   5.7470800e-01
   4.8700000e+02   5.7493200e-01
   4.8800000e+02   5.7506500e-01
   4.8900000e+02   5.7516700e-01
   4.9000000e+02   5.7517700e-01
   4.9100000e+02   5.7523500e-01
   4.9200000e+02   5.7524800e-01
   4.9300000e+02   5.7529000e-01
   4.9400000e+02   5.7535200e-01
   4.9500000e+02   5.7541500e-01
   4.9600000e+02   5.7545400e-01
   4.9700000e+02   5.7546900e-01
   4.9800000e+02   5.7547500e-01
   4.9900000e+02   5.7550000e-01
   5.0000000e+02   5.7553200e-01
   5.0100000e+02   5.7596600e-01
   5.0200000e+02   5.7598700e-01
   5.0300000e+02   5.7630100e-01
   5.0400000e+02   5.7635500e-01
   5.0500000e+02   5.7641100e-01
   5.0600000e+02   5.7647600e-01
   5.0700000e+02   5.7677200e-01
   5.0800000e+02   5.7694800e-01
   5.0900000e+02   5.7699400e-01
   5.1000000e+02   5.7703700e-01
   5.1100000e+02   5.7707200e-01
   5.1200000e+02   5.7710200e-01
   5.1300000e+02   5.7717300e-01
   5.1400000e+02   5.7721800e-01
   5.1500000e+02   5.7727900e-01
   5.1600000e+02   5.7746300e-01
   5.1700000e+02   5.7747400e-01
   5.1800000e+02   5.7748400e-01
   5.1900000e+02   5.7750100e-01
   5.2000000e+02   5.7750900e-01
   5.2100000e+02   5.7762700e-01
   5.2200000e+02   5.7769600e-01
   5.2300000e+02   5.7770600e-01
   5.2400000e+02   5.7771300e-01
   5.2500000e+02   5.7774200e-01
   5.2600000e+02   5.7779500e-01
   5.2700000e+02   5.7783600e-01
   5.2800000e+02   5.7791700e-01
   5.2900000e+02   5.7794800e-01
   5.3000000e+02   5.7806100e-01
   5.3100000e+02   5.7814800e-01
   5.3200000e+02   5.7816400e-01
   5.3300000e+02   5.7818500e-01
   5.3400000e+02   5.7823700e-01
   5.3500000e+02   5.7836900e-01
   5.3600000e+02   5.7836900e-01
   5.3700000e+02   5.7837000e-01
   5.3800000e+02   5.7838200e-01
   5.3900000e+02   5.7838700e-01
   5.4000000e+02   5.7838800e-01
   5.4100000e+02   5.7847600e-01
   5.4200000e+02   5.7863400e-01
   5.4300000e+02   5.7866000e-01
   5.4400000e+02   5.7868600e-01
   5.4500000e+02   5.7881400e-01
   5.4600000e+02   5.7883900e-01
   5.4700000e+02   5.7885800e-01
   5.4800000e+02   5.7888300e-01
   5.4900000e+02   5.7891300e-01
   5.5000000e+02   5.7894400e-01
   5.5100000e+02   5.7900500e-01
   5.5200000e+02   5.7901900e-01
   5.5300000e+02   5.7909000e-01
   5.5400000e+02   5.7909200e-01
   5.5500000e+02   5.7912800e-01
   5.5600000e+02   5.7916900e-01
   5.5700000e+02   5.7923400e-01
   5.5800000e+02   5.7931800e-01
   5.5900000e+02   5.7932300e-01
   5.6000000e+02   5.7934300e-01
   5.6100000e+02   5.7939600e-01
   5.6200000e+02   5.7942900e-01
   5.6300000e+02   5.7952000e-01
   5.6400000e+02   5.7953700e-01
   5.6500000e+02   5.7961000e-01
   5.6600000e+02   5.7964500e-01
   5.6700000e+02   5.7968800e-01
   5.6800000e+02   5.7970300e-01
   5.6900000e+02   5.7971200e-01
   5.7000000e+02   5.7972500e-01
   5.7100000e+02   5.7972500e-01
   5.7200000e+02   5.7976800e-01
   5.7300000e+02   5.7977700e-01
   5.7400000e+02   5.7980200e-01
   5.7500000e+02   5.7985800e-01
   5.7600000e+02   5.7986900e-01
   5.7700000e+02   5.7996500e-01
   5.7800000e+02   5.7999000e-01
   5.7900000e+02   5.8007900e-01
   5.8000000e+02   5.8008600e-01
   5.8100000e+02   5.8012800e-01
   5.8200000e+02   5.8020900e-01
   5.8300000e+02   5.8027700e-01
   5.8400000e+02   5.8027900e-01
   5.8500000e+02   5.8028500e-01
   5.8600000e+02   5.8032300e-01
   5.8700000e+02   5.8032400e-01
   5.8800000e+02   5.8033300e-01
   5.8900000e+02   5.8039200e-01
   5.9000000e+02   5.8040500e-01
   5.9100000e+02   5.8040800e-01
   5.9200000e+02   5.8041900e-01
   5.9300000e+02   5.8046900e-01
   5.9400000e+02   5.8055500e-01
   5.9500000e+02   5.8056400e-01
   5.9600000e+02   5.8060200e-01
   5.9700000e+02   5.8063700e-01
   5.9800000e+02   5.8065400e-01
   5.9900000e+02   5.8072300e-01
   6.0000000e+02   5.8074000e-01
   6.0100000e+02   5.8082600e-01
   6.0200000e+02   5.8083200e-01
   6.0300000e+02   5.8090300e-01
   6.0400000e+02   5.8094800e-01
   6.0500000e+02   5.8101500e-01
   6.0600000e+02   5.8109400e-01
   6.0700000e+02   5.8111800e-01
   6.0800000e+02   5.8117700e-01
   6.0900000e+02   5.8118200e-01
   6.1000000e+02   5.8118300e-01
   6.1100000e+02   5.8122000e-01
   6.1200000e+02   5.8133800e-01
   6.1300000e+02   5.8136800e-01
   6.1400000e+02   5.8158700e-01
   6.1500000e+02   5.8163900e-01
   6.1600000e+02   5.8164700e-01
   6.1700000e+02   5.8166800e-01
   6.1800000e+02   5.8180700e-01
   6.1900000e+02   5.8181500e-01
   6.2000000e+02   5.8194800e-01
   6.2100000e+02   5.8202000e-01
   6.2200000e+02   5.8212200e-01
   6.2300000e+02   5.8237800e-01
   6.2400000e+02   5.8242300e-01
   6.2500000e+02   5.8245300e-01
   6.2600000e+02   5.8248100e-01
   6.2700000e+02   5.8267600e-01
   6.2800000e+02   5.8267900e-01
   6.2900000e+02   5.8289400e-01
   6.3000000e+02   5.8308500e-01
   6.3100000e+02   5.8318200e-01
   6.3200000e+02   5.8338900e-01
   6.3300000e+02   5.8352900e-01
   6.3400000e+02   5.8353700e-01
   6.3500000e+02   5.8358800e-01
   6.3600000e+02   5.8361200e-01
   6.3700000e+02   5.8365300e-01
   6.3800000e+02   5.8373000e-01
   6.3900000e+02   5.8382600e-01
   6.4000000e+02   5.8385100e-01
   6.4100000e+02   5.8389500e-01
   6.4200000e+02   5.8408300e-01
   6.4300000e+02   5.8415400e-01
   6.4400000e+02   5.8421700e-01
   6.4500000e+02   5.8434100e-01
   6.4600000e+02   5.8443700e-01
   6.4700000e+02   5.8444200e-01
   6.4800000e+02   5.8460400e-01
   6.4900000e+02   5.8462200e-01
   6.5000000e+02   5.8465500e-01
   6.5100000e+02   5.8471600e-01
   6.5200000e+02   5.8478100e-01
   6.5300000e+02   5.8479200e-01
   6.5400000e+02   5.8480900e-01
   6.5500000e+02   5.8492100e-01
   6.5600000e+02   5.8494200e-01
   6.5700000e+02   5.8495400e-01
   6.5800000e+02   5.8496900e-01
   6.5900000e+02   5.8504400e-01
   6.6000000e+02   5.8506400e-01
   6.6100000e+02   5.8507000e-01
   6.6200000e+02   5.8510400e-01
   6.6300000e+02   5.8518500e-01
   6.6400000e+02   5.8519900e-01
   6.6500000e+02   5.8521000e-01
   6.6600000e+02   5.8522900e-01
   6.6700000e+02   5.8524100e-01
   6.6800000e+02   5.8526400e-01
   6.6900000e+02   5.8527400e-01
   6.7000000e+02   5.8534100e-01
   6.7100000e+02   5.8552800e-01
   6.7200000e+02   5.8553100e-01
   6.7300000e+02   5.8554800e-01
   6.7400000e+02   5.8558400e-01
   6.7500000e+02   5.8565700e-01
   6.7600000e+02   5.8573500e-01
   6.7700000e+02   5.8573600e-01
   6.7800000e+02   5.8574700e-01
   6.7900000e+02   5.8575000e-01
   6.8000000e+02   5.8589500e-01
   6.8100000e+02   5.8594400e-01
   6.8200000e+02   5.8604100e-01
   6.8300000e+02   5.8610500e-01
   6.8400000e+02   5.8614800e-01
   6.8500000e+02   5.8624500e-01
   6.8600000e+02   5.8625100e-01
   6.8700000e+02   5.8637400e-01
   6.8800000e+02   5.8640300e-01
   6.8900000e+02   5.8654700e-01
   6.9000000e+02   5.8658200e-01
   6.9100000e+02   5.8658200e-01
   6.9200000e+02   5.8669500e-01
   6.9300000e+02   5.8689300e-01
   6.9400000e+02   5.8689700e-01
   6.9500000e+02   5.8693500e-01
   6.9600000e+02   5.8695100e-01
   6.9700000e+02   5.8700200e-01
   6.9800000e+02   5.8705900e-01
   6.9900000e+02   5.8708500e-01
   7.0000000e+02   5.8712700e-01
   7.0100000e+02   5.8713400e-01
   7.0200000e+02   5.8719400e-01
   7.0300000e+02   5.8721500e-01
   7.0400000e+02   5.8729400e-01
   7.0500000e+02   5.8735300e-01
   7.0600000e+02   5.8746800e-01
   7.0700000e+02   5.8747000e-01
   7.0800000e+02   5.8759900e-01
   7.0900000e+02   5.8765800e-01
   7.1000000e+02   5.8767600e-01
   7.1100000e+02   5.8769700e-01
   7.1200000e+02   5.8773000e-01
   7.1300000e+02   5.8774100e-01
   7.1400000e+02   5.8776400e-01
   7.1500000e+02   5.8786700e-01
   7.1600000e+02   5.8789800e-01
   7.1700000e+02   5.8793300e-01
   7.1800000e+02   5.8810100e-01
   7.1900000e+02   5.8828000e-01
   7.2000000e+02   5.8833400e-01
   7.2100000e+02   5.8852900e-01
   7.2200000e+02   5.8853900e-01
   7.2300000e+02   5.8858600e-01
   7.2400000e+02   5.8871000e-01
   7.2500000e+02   5.8915000e-01
   7.2600000e+02   5.8925900e-01
   7.2700000e+02   5.8930000e-01
   7.2800000e+02   5.8945600e-01
   7.2900000e+02   5.8952200e-01
   7.3000000e+02   5.8958300e-01
   7.3100000e+02   5.8993900e-01
   7.3200000e+02   5.9022300e-01
   7.3300000e+02   5.9050500e-01
   7.3400000e+02   5.9065300e-01
   7.3500000e+02   5.9175300e-01
   7.3600000e+02   5.9206900e-01
   7.3700000e+02   5.9211900e-01
   7.3800000e+02   5.9214700e-01
   7.3900000e+02   5.9230100e-01
   7.4000000e+02   5.9231400e-01
   7.4100000e+02   5.9293700e-01
   7.4200000e+02   5.9294600e-01
   7.4300000e+02   5.9298500e-01
   7.4400000e+02   5.9299400e-01
   7.4500000e+02   5.9310300e-01
   7.4600000e+02   5.9314400e-01
   7.4700000e+02   5.9324900e-01
   7.4800000e+02   5.9327000e-01
   7.4900000e+02   5.9346700e-01
   7.5000000e+02   5.9353900e-01
   7.5100000e+02   5.9369800e-01
   7.5200000e+02   5.9392400e-01
   7.5300000e+02   5.9403900e-01
   7.5400000e+02   5.9425300e-01
   7.5500000e+02   5.9426500e-01
   7.5600000e+02   5.9444300e-01
   7.5700000e+02   5.9450400e-01
   7.5800000e+02   5.9457600e-01
   7.5900000e+02   5.9468400e-01
   7.6000000e+02   5.9478700e-01
   7.6100000e+02   5.9484000e-01
   7.6200000e+02   5.9489800e-01
   7.6300000e+02   5.9518300e-01
   7.6400000e+02   5.9536700e-01
   7.6500000e+02   5.9547800e-01
   7.6600000e+02   5.9548800e-01
   7.6700000e+02   5.9557000e-01
   7.6800000e+02   5.9557100e-01
   7.6900000e+02   5.9560100e-01
   7.7000000e+02   5.9560800e-01
   7.7100000e+02   5.9568600e-01
   7.7200000e+02   5.9570400e-01
   7.7300000e+02   5.9573000e-01
   7.7400000e+02   5.9579300e-01
   7.7500000e+02   5.9580900e-01
   7.7600000e+02   5.9613800e-01
   7.7700000e+02   5.9622400e-01
   7.7800000e+02   5.9649300e-01
   7.7900000e+02   5.9649700e-01
   7.8000000e+02   5.9668900e-01
   7.8100000e+02   5.9685900e-01
   7.8200000e+02   5.9691700e-01
   7.8300000e+02   5.9699200e-01
   7.8400000e+02   5.9699900e-01
   7.8500000e+02   5.9700800e-01
   7.8600000e+02   5.9714100e-01
   7.8700000e+02   5.9717800e-01
   7.8800000e+02   5.9719500e-01
   7.8900000e+02   5.9732200e-01
   7.9000000e+02   5.9737900e-01
   7.9100000e+02   5.9739100e-01
   7.9200000e+02   5.9744900e-01
   7.9300000e+02   5.9750000e-01
   7.9400000e+02   5.9757200e-01
   7.9500000e+02   5.9758500e-01
   7.9600000e+02   5.9764600e-01
   7.9700000e+02   5.9779400e-01
   7.9800000e+02   5.9785400e-01
   7.9900000e+02   5.9786000e-01
   8.0000000e+02   5.9792000e-01
   8.0100000e+02   5.9792900e-01
   8.0200000e+02   5.9794800e-01
   8.0300000e+02   5.9794900e-01
   8.0400000e+02   5.9801200e-01
   8.0500000e+02   5.9804600e-01
   8.0600000e+02   5.9820300e-01
   8.0700000e+02   5.9824200e-01
   8.0800000e+02   5.9826900e-01
   8.0900000e+02   5.9840700e-01
   8.1000000e+02   5.9850500e-01
   8.1100000e+02   5.9855200e-01
   8.1200000e+02   5.9857300e-01
   8.1300000e+02   5.9863600e-01
   8.1400000e+02   5.9867200e-01
   8.1500000e+02   5.9868900e-01
   8.1600000e+02   5.9875200e-01
   8.1700000e+02   5.9878900e-01
   8.1800000e+02   5.9879100e-01
   8.1900000e+02   5.9925900e-01
   8.2000000e+02   5.9927400e-01
   8.2100000e+02   5.9935300e-01
   8.2200000e+02   5.9936400e-01
   8.2300000e+02   5.9939300e-01
   8.2400000e+02   5.9939900e-01
   8.2500000e+02   5.9944500e-01
   8.2600000e+02   5.9958900e-01
   8.2700000e+02   5.9976900e-01
   8.2800000e+02   5.9982600e-01
   8.2900000e+02   5.9990100e-01
   8.3000000e+02   5.9993900e-01
   8.3100000e+02   6.0001500e-01
   8.3200000e+02   6.0002900e-01
   8.3300000e+02   6.0003400e-01
   8.3400000e+02   6.0012300e-01
   8.3500000e+02   6.0016800e-01
   8.3600000e+02   6.0021700e-01
   8.3700000e+02   6.0022900e-01
   8.3800000e+02   6.0025100e-01
   8.3900000e+02   6.0043800e-01
   8.4000000e+02   6.0043900e-01
   8.4100000e+02   6.0047800e-01
   8.4200000e+02   6.0050500e-01
   8.4300000e+02   6.0059600e-01
   8.4400000e+02   6.0072300e-01
   8.4500000e+02   6.0081800e-01
   8.4600000e+02   6.0082200e-01
   8.4700000e+02   6.0086100e-01
   8.4800000e+02   6.0090200e-01
   8.4900000e+02   6.0091100e-01
   8.5000000e+02   6.0098600e-01
   8.5100000e+02   6.0100200e-01
   8.5200000e+02   6.0105000e-01
   8.5300000e+02   6.0114300e-01
   8.5400000e+02   6.0116000e-01
   8.5500000e+02   6.0123600e-01
   8.5600000e+02   6.0129100e-01
   8.5700000e+02   6.0131200e-01
   8.5800000e+02   6.0142900e-01
   8.5900000e+02   6.0145800e-01
   8.6000000e+02   6.0192500e-01
   8.6100000e+02   6.0199700e-01
   8.6200000e+02   6.0201900e-01
   8.6300000e+02   6.0206700e-01
   8.6400000e+02   6.0209600e-01
   8.6500000e+02   6.0210400e-01
   8.6600000e+02   6.0210800e-01
   8.6700000e+02   6.0214100e-01
   8.6800000e+02   6.0217400e-01
   8.6900000e+02   6.0232500e-01
   8.7000000e+02   6.0234700e-01
   8.7100000e+02   6.0245700e-01
   8.7200000e+02   6.0251700e-01
   8.7300000e+02   6.0289800e-01
   8.7400000e+02   6.0355200e-01
   8.7500000e+02   6.0386500e-01
   8.7600000e+02   6.0387100e-01
   8.7700000e+02   6.0390700e-01
   8.7800000e+02   6.0392000e-01
   8.7900000e+02   6.0413000e-01
   8.8000000e+02   6.0413700e-01
   8.8100000e+02   6.0420500e-01
   8.8200000e+02   6.0443200e-01
   8.8300000e+02   6.0447800e-01
   8.8400000e+02   6.0451700e-01
   8.8500000e+02   6.0454700e-01
   8.8600000e+02   6.0455300e-01
   8.8700000e+02   6.0464500e-01
   8.8800000e+02   6.0473500e-01
   8.8900000e+02   6.0479800e-01
   8.9000000e+02   6.0482100e-01
   8.9100000e+02   6.0495500e-01
   8.9200000e+02   6.0496200e-01
   8.9300000e+02   6.0514600e-01
   8.9400000e+02   6.0517600e-01
   8.9500000e+02   6.0534900e-01
   8.9600000e+02   6.0551700e-01
   8.9700000e+02   6.0561000e-01
   8.9800000e+02   6.0588000e-01
   8.9900000e+02   6.0599200e-01
   9.0000000e+02   6.0601000e-01
   9.0100000e+02   6.0610100e-01
   9.0200000e+02   6.0613300e-01
   9.0300000e+02   6.0635800e-01
   9.0400000e+02   6.0648300e-01
   9.0500000e+02   6.0653000e-01
   9.0600000e+02   6.0685600e-01
   9.0700000e+02   6.0696300e-01
   9.0800000e+02   6.0701300e-01
   9.0900000e+02   6.0720700e-01
   9.1000000e+02   6.0730400e-01
   9.1100000e+02   6.0730700e-01
   9.1200000e+02   6.0739100e-01
   9.1300000e+02   6.0741000e-01
   9.1400000e+02   6.0761800e-01
   9.1500000e+02   6.0766600e-01
   9.1600000e+02   6.0771700e-01
   9.1700000e+02   6.0777700e-01
   9.1800000e+02   6.0782400e-01
   9.1900000e+02   6.0785400e-01
   9.2000000e+02   6.0789100e-01
   9.2100000e+02   6.0798100e-01
   9.2200000e+02   6.0811000e-01
   9.2300000e+02   6.0822600e-01
   9.2400000e+02   6.0868200e-01
   9.2500000e+02   6.0879200e-01
   9.2600000e+02   6.0879200e-01
   9.2700000e+02   6.0884900e-01
   9.2800000e+02   6.0904100e-01
   9.2900000e+02   6.0906800e-01
   9.3000000e+02   6.0921000e-01
   9.3100000e+02   6.0934600e-01
   9.3200000e+02   6.0942300e-01
   9.3300000e+02   6.0945200e-01
   9.3400000e+02   6.0985000e-01
   9.3500000e+02   6.1042500e-01
   9.3600000e+02   6.1046600e-01
   9.3700000e+02   6.1061900e-01
   9.3800000e+02   6.1064500e-01
   9.3900000e+02   6.1070700e-01
   9.4000000e+02   6.1077400e-01
   9.4100000e+02   6.1081100e-01
   9.4200000e+02   6.1086200e-01
   9.4300000e+02   6.1089600e-01
   9.4400000e+02   6.1095000e-01
   9.4500000e+02   6.1096100e-01
   9.4600000e+02   6.1096700e-01
   9.4700000e+02   6.1110100e-01
   9.4800000e+02   6.1111700e-01
   9.4900000e+02   6.1113400e-01
   9.5000000e+02   6.1115500e-01
   9.5100000e+02   6.1146300e-01
   9.5200000e+02   6.1153100e-01
   9.5300000e+02   6.1158500e-01
   9.5400000e+02   6.1184800e-01
   9.5500000e+02   6.1186400e-01
   9.5600000e+02   6.1196000e-01
   9.5700000e+02   6.1197500e-01
   9.5800000e+02   6.1210700e-01
   9.5900000e+02   6.1220400e-01
   9.6000000e+02   6.1221900e-01
   9.6100000e+02   6.1265300e-01
   9.6200000e+02   6.1274400e-01
   9.6300000e+02   6.1314800e-01
   9.6400000e+02   6.1334100e-01
   9.6500000e+02   6.1367900e-01
   9.6600000e+02   6.1376900e-01
   9.6700000e+02   6.1387200e-01
   9.6800000e+02   6.1394800e-01
   9.6900000e+02   6.1399600e-01
   9.7000000e+02   6.1415400e-01
   9.7100000e+02   6.1441400e-01
   9.7200000e+02   6.1446800e-01
   9.7300000e+02   6.1451600e-01
   9.7400000e+02   6.1455100e-01
   9.7500000e+02   6.1457800e-01
   9.7600000e+02   6.1460600e-01
   9.7700000e+02   6.1461900e-01
   9.7800000e+02   6.1496000e-01
   9.7900000e+02   6.1505200e-01
   9.8000000e+02   6.1517200e-01
   9.8100000e+02   6.1541000e-01
   9.8200000e+02   6.1541800e-01
   9.8300000e+02   6.1562900e-01
   9.8400000e+02   6.1569900e-01
   9.8500000e+02   6.1571100e-01
   9.8600000e+02   6.1589600e-01
   9.8700000e+02   6.1603900e-01
   9.8800000e+02   6.1605100e-01
   9.8900000e+02   6.1632600e-01
   9.9000000e+02   6.1649800e-01
   9.9100000e+02   6.1691200e-01
   9.9200000e+02   6.1697200e-01
   9.9300000e+02   6.1746300e-01
   9.9400000e+02   6.1789800e-01
   9.9500000e+02   6.1791200e-01
   9.9600000e+02   6.1841900e-01
   9.9700000e+02   6.1886500e-01
   9.9800000e+02   6.2002200e-01
   9.9900000e+02   6.2020300e-01
   1.0000000e+03   6.2049400e-01
