   1.0000000e+00   5.9134770e+00
   7.0000000e+00   5.9189980e+00
   1.3000000e+01   6.1221126e+00
   1.9000000e+01   6.5316258e+00
   2.5000000e+01   6.9577825e+00
   3.1000000e+01   7.4039358e+00
   3.7000000e+01   7.8748099e+00
   4.3000000e+01   8.3766135e+00
   4.9000000e+01   8.9099732e+00
   5.5000000e+01   9.4815630e+00
   6.1000000e+01   1.0094672e+01
   6.7000000e+01   1.0754878e+01
   7.3000000e+01   1.1468375e+01
   7.9000000e+01   1.2238392e+01
   8.5000000e+01   1.3068278e+01
   9.1000000e+01   1.3965930e+01
   9.7000000e+01   1.4928817e+01
   1.0300000e+02   1.5966673e+01
   1.0900000e+02   1.7076057e+01
   1.1500000e+02   1.8275636e+01
   1.2100000e+02   1.9562724e+01
   1.2700000e+02   2.0951890e+01
   1.3300000e+02   2.2433590e+01
   1.3900000e+02   2.4037627e+01
   1.4500000e+02   2.5739329e+01
   1.5100000e+02   2.7546940e+01
   1.5700000e+02   2.9480711e+01
   1.6300000e+02   3.1520992e+01
   1.6900000e+02   3.7296653e+01
   1.7500000e+02   3.9737623e+01
   1.8100000e+02   4.2295646e+01
   1.8700000e+02   4.4976520e+01
   1.9300000e+02   4.7816368e+01
   1.9900000e+02   5.0809674e+01
   2.0500000e+02   5.3941711e+01
   2.1100000e+02   5.7247421e+01
   2.1700000e+02   6.0702282e+01
   2.2300000e+02   6.4294205e+01
   2.2900000e+02   6.8137707e+01
   2.3500000e+02   7.2117398e+01
   2.4100000e+02   7.6240974e+01
   2.4700000e+02   8.0529598e+01
   2.5300000e+02   8.5163376e+01
   2.5900000e+02   8.9905519e+01
   2.6500000e+02   9.7091797e+01
   2.7100000e+02   1.0432457e+02
   2.7700000e+02   1.1171795e+02
   2.8300000e+02   1.1945498e+02
   2.8900000e+02   1.2930256e+02
   2.9500000e+02   1.3961893e+02
   3.0100000e+02   1.5071573e+02
   3.0700000e+02   1.6227079e+02
   3.1300000e+02   1.7408534e+02
   3.1900000e+02   1.8657625e+02
   3.2500000e+02   1.9958518e+02
   3.3100000e+02   2.1280005e+02
   3.3700000e+02   2.2646795e+02
   3.4300000e+02   2.4074435e+02
   3.4900000e+02   2.5651464e+02
   3.5500000e+02   2.7201182e+02
   3.6100000e+02   2.8795955e+02
   3.6700000e+02   3.0441258e+02
   3.7300000e+02   3.2132104e+02
   3.7900000e+02   3.3938979e+02
   3.8500000e+02   3.5813390e+02
   3.9100000e+02   3.7747172e+02
   3.9700000e+02   3.9765253e+02
   4.0300000e+02   4.1848869e+02
   4.0900000e+02   4.3995201e+02
   4.1500000e+02   4.6247718e+02
   4.2100000e+02   4.8504766e+02
   4.2700000e+02   5.0823836e+02
   4.3300000e+02   5.3206772e+02
   4.3900000e+02   5.5670860e+02
   4.4500000e+02   5.8202205e+02
   4.5100000e+02   6.0875634e+02
   4.5700000e+02   6.3646782e+02
   4.6300000e+02   6.6446315e+02
   4.6900000e+02   6.9372184e+02
   4.7500000e+02   7.2359313e+02
   4.8100000e+02   7.5383553e+02
   4.8700000e+02   7.8545445e+02
   4.9300000e+02   8.1767495e+02
   4.9900000e+02   8.5084600e+02
   5.0500000e+02   8.8454477e+02
   5.1100000e+02   9.1914824e+02
   5.1700000e+02   9.5461833e+02
   5.2300000e+02   9.9110913e+02
   5.2900000e+02   1.0282104e+03
   5.3500000e+02   1.0663735e+03
   5.4100000e+02   1.1051136e+03
   5.4700000e+02   1.1451392e+03
   5.5300000e+02   1.1855565e+03
   5.5900000e+02   1.2267183e+03
   5.6500000e+02   1.2687969e+03
   5.7100000e+02   1.3114602e+03
   5.7700000e+02   1.3550353e+03
   5.8300000e+02   1.4007572e+03
   5.8900000e+02   1.4469310e+03
   5.9500000e+02   1.4955639e+03
   6.0100000e+02   1.5430495e+03
   6.0700000e+02   1.5916641e+03
   6.1300000e+02   1.6411454e+03
   6.1900000e+02   1.6918007e+03
   6.2500000e+02   1.7436426e+03
   6.3100000e+02   1.7965286e+03
   6.3700000e+02   1.8503567e+03
   6.4300000e+02   1.9056171e+03
   6.4900000e+02   1.9620209e+03
   6.5500000e+02   2.0194515e+03
   6.6100000e+02   2.0776417e+03
   6.6700000e+02   2.1365664e+03
   6.7300000e+02   2.1968744e+03
   6.7900000e+02   2.2585930e+03
   6.8500000e+02   2.3204188e+03
   6.9100000e+02   2.3828676e+03
   6.9700000e+02   2.4474563e+03
   7.0300000e+02   2.5140954e+03
   7.0900000e+02   2.5813158e+03
   7.1500000e+02   2.6491272e+03
   7.2100000e+02   2.7181266e+03
   7.2700000e+02   2.7891960e+03
   7.3300000e+02   2.8616935e+03
   7.3900000e+02   2.9345622e+03
   7.4500000e+02   3.0086281e+03
   7.5100000e+02   3.0838136e+03
   7.5700000e+02   3.1600575e+03
   7.6300000e+02   3.2382889e+03
   7.6900000e+02   3.3182987e+03
   7.7500000e+02   3.3985911e+03
   7.8100000e+02   3.4809006e+03
   7.8700000e+02   3.5643942e+03
   7.9300000e+02   3.6490261e+03
   7.9900000e+02   3.7345793e+03
   8.0500000e+02   3.8198543e+03
   8.1100000e+02   3.9101701e+03
   8.1700000e+02   3.9983825e+03
   8.2300000e+02   4.0877575e+03
   8.2900000e+02   4.1787888e+03
   8.3500000e+02   4.2723016e+03
   8.4100000e+02   4.3676145e+03
   8.4700000e+02   4.4647118e+03
   8.5300000e+02   4.5623573e+03
   8.5900000e+02   4.6607573e+03
   8.6500000e+02   4.7594333e+03
   8.7100000e+02   4.8588411e+03
   8.7700000e+02   4.9601407e+03
   8.8300000e+02   5.0639091e+03
   8.8900000e+02   5.1692539e+03
   8.9500000e+02   5.2754437e+03
   9.0100000e+02   5.3844060e+03
   9.0700000e+02   5.4936046e+03
   9.1300000e+02   5.6062852e+03
   9.1900000e+02   5.7214280e+03
   9.2500000e+02   5.8359251e+03
   9.3100000e+02   5.9537981e+03
   9.3700000e+02   6.0691701e+03
   9.4300000e+02   6.1884235e+03
   9.4900000e+02   6.3091005e+03
   9.5500000e+02   6.4295369e+03
   9.6100000e+02   6.5512235e+03
   9.6700000e+02   6.6747040e+03
   9.7300000e+02   6.7985126e+03
   9.7900000e+02   6.9248361e+03
   9.8500000e+02   7.0525339e+03
   9.9100000e+02   7.1838043e+03
   9.9700000e+02   7.3151322e+03
   1.0030000e+03   7.4488998e+03
   1.0090000e+03   7.5855504e+03
   1.0150000e+03   7.7213033e+03
   1.0210000e+03   7.8583156e+03
   1.0270000e+03   7.9972399e+03
   1.0330000e+03   8.1362080e+03
   1.0390000e+03   8.2762669e+03
   1.0450000e+03   8.4163995e+03
   1.0510000e+03   8.5579238e+03
   1.0570000e+03   8.7056664e+03
   1.0630000e+03   8.8548204e+03
   1.0690000e+03   9.0039281e+03
   1.0750000e+03   9.1538722e+03
   1.0810000e+03   9.3056256e+03
   1.0870000e+03   9.4601026e+03
   1.0930000e+03   9.6188748e+03
   1.0990000e+03   9.7752084e+03
   1.1050000e+03   9.9330101e+03
   1.1110000e+03   1.0093053e+04
   1.1170000e+03   1.0253988e+04
   1.1230000e+03   1.0417749e+04
   1.1290000e+03   1.0582290e+04
   1.1350000e+03   1.0749405e+04
   1.1410000e+03   1.0919549e+04
   1.1470000e+03   1.1089590e+04
   1.1530000e+03   1.1264344e+04
   1.1590000e+03   1.1440825e+04
   1.1650000e+03   1.1618017e+04
   1.1710000e+03   1.1798151e+04
   1.1770000e+03   1.1983529e+04
   1.1830000e+03   1.2165599e+04
   1.1890000e+03   1.2350912e+04
   1.1950000e+03   1.2535975e+04
   1.2010000e+03   1.2723795e+04
   1.2070000e+03   1.2914837e+04
   1.2130000e+03   1.3104369e+04
   1.2190000e+03   1.3297134e+04
   1.2250000e+03   1.3494353e+04
   1.2310000e+03   1.3692010e+04
   1.2370000e+03   1.3888558e+04
   1.2430000e+03   1.4087185e+04
   1.2490000e+03   1.4287924e+04
   1.2550000e+03   1.4488743e+04
   1.2610000e+03   1.4696077e+04
   1.2670000e+03   1.4904960e+04
   1.2730000e+03   1.5120873e+04
   1.2790000e+03   1.5332967e+04
   1.2850000e+03   1.5545115e+04
   1.2910000e+03   1.5759584e+04
   1.2970000e+03   1.5976603e+04
   1.3030000e+03   1.6194464e+04
   1.3090000e+03   1.6414015e+04
   1.3150000e+03   1.6639267e+04
   1.3210000e+03   1.6862341e+04
   1.3270000e+03   1.7090328e+04
   1.3330000e+03   1.7316997e+04
   1.3390000e+03   1.7547185e+04
   1.3450000e+03   1.7776253e+04
   1.3510000e+03   1.8006465e+04
   1.3570000e+03   1.8239827e+04
   1.3630000e+03   1.8475629e+04
   1.3690000e+03   1.8711186e+04
   1.3750000e+03   1.8954163e+04
   1.3810000e+03   1.9196649e+04
   1.3870000e+03   1.9438049e+04
   1.3930000e+03   1.9683006e+04
   1.3990000e+03   1.9932099e+04
   1.4050000e+03   2.0180578e+04
   1.4110000e+03   2.0432382e+04
   1.4170000e+03   2.0684515e+04
   1.4230000e+03   2.0938711e+04
   1.4290000e+03   2.1195416e+04
   1.4350000e+03   2.1450760e+04
   1.4410000e+03   2.1710275e+04
   1.4470000e+03   2.1972707e+04
   1.4530000e+03   2.2240110e+04
   1.4590000e+03   2.2504693e+04
   1.4650000e+03   2.2771899e+04
   1.4710000e+03   2.3040686e+04
   1.4770000e+03   2.3319418e+04
   1.4830000e+03   2.3585805e+04
   1.4890000e+03   2.3852624e+04
   1.4950000e+03   2.4121590e+04
   1.5010000e+03   2.4393750e+04
   1.5070000e+03   2.4665887e+04
   1.5130000e+03   2.4941927e+04
   1.5190000e+03   2.5222200e+04
   1.5250000e+03   2.5502937e+04
   1.5310000e+03   2.5784099e+04
   1.5370000e+03   2.6069901e+04
   1.5430000e+03   2.6353322e+04
   1.5490000e+03   2.6639363e+04
   1.5550000e+03   2.6930568e+04
   1.5610000e+03   2.7229982e+04
   1.5670000e+03   2.7530052e+04
   1.5730000e+03   2.7833540e+04
   1.5790000e+03   2.8132569e+04
   1.5850000e+03   2.8431338e+04
   1.5910000e+03   2.8734264e+04
   1.5970000e+03   2.9042490e+04
   1.6030000e+03   2.9356452e+04
   1.6090000e+03   2.9675516e+04
   1.6150000e+03   2.9995297e+04
   1.6210000e+03   3.0318513e+04
   1.6270000e+03   3.0642196e+04
   1.6330000e+03   3.0966922e+04
   1.6390000e+03   3.1289718e+04
   1.6450000e+03   3.1613815e+04
   1.6510000e+03   3.1942873e+04
   1.6570000e+03   3.2268545e+04
   1.6630000e+03   3.2605342e+04
   1.6690000e+03   3.2939468e+04
   1.6750000e+03   3.3279313e+04
   1.6810000e+03   3.3620272e+04
   1.6870000e+03   3.3963599e+04
   1.6930000e+03   3.4305797e+04
   1.6990000e+03   3.4656802e+04
   1.7050000e+03   3.5004551e+04
   1.7110000e+03   3.5360809e+04
   1.7170000e+03   3.5712939e+04
   1.7230000e+03   3.6065373e+04
   1.7290000e+03   3.6426747e+04
   1.7350000e+03   3.6788374e+04
   1.7410000e+03   3.7154719e+04
   1.7470000e+03   3.7521735e+04
   1.7530000e+03   3.7890194e+04
   1.7590000e+03   3.8260742e+04
   1.7650000e+03   3.8629690e+04
   1.7710000e+03   3.9001250e+04
   1.7770000e+03   3.9375250e+04
   1.7830000e+03   3.9753139e+04
   1.7890000e+03   4.0134531e+04
   1.7950000e+03   4.0522504e+04
   1.8010000e+03   4.0906881e+04
   1.8070000e+03   4.1294121e+04
   1.8130000e+03   4.1683568e+04
   1.8190000e+03   4.2079394e+04
   1.8250000e+03   4.2469373e+04
   1.8310000e+03   4.2878055e+04
   1.8370000e+03   4.3291337e+04
   1.8430000e+03   4.3705092e+04
   1.8490000e+03   4.4113636e+04
   1.8550000e+03   4.4526269e+04
   1.8610000e+03   4.4938509e+04
   1.8670000e+03   4.5354262e+04
   1.8730000e+03   4.5777932e+04
   1.8790000e+03   4.6195965e+04
   1.8850000e+03   4.6618073e+04
   1.8910000e+03   4.7042349e+04
   1.8970000e+03   4.7474076e+04
   1.9030000e+03   4.7901292e+04
   1.9090000e+03   4.8330246e+04
   1.9150000e+03   4.8762131e+04
   1.9210000e+03   4.9198884e+04
   1.9270000e+03   4.9641312e+04
   1.9330000e+03   5.0080705e+04
   1.9390000e+03   5.0521775e+04
   1.9450000e+03   5.0964810e+04
   1.9510000e+03   5.1419033e+04
   1.9570000e+03   5.1874187e+04
   1.9630000e+03   5.2326088e+04
   1.9690000e+03   5.2779639e+04
   1.9750000e+03   5.3238587e+04
   1.9810000e+03   5.3701579e+04
   1.9870000e+03   5.4165410e+04
   1.9930000e+03   5.4633590e+04
   1.9990000e+03   5.5106161e+04
   2.0050000e+03   5.5575481e+04
   2.0110000e+03   5.6048878e+04
   2.0170000e+03   5.6531231e+04
   2.0230000e+03   5.7013509e+04
   2.0290000e+03   5.7494339e+04
   2.0350000e+03   5.7977704e+04
   2.0410000e+03   5.8466429e+04
   2.0470000e+03   5.8956386e+04
   2.0530000e+03   5.9447657e+04
   2.0590000e+03   5.9942942e+04
   2.0650000e+03   6.0442591e+04
   2.0710000e+03   6.0941338e+04
   2.0770000e+03   6.1443329e+04
   2.0830000e+03   6.1947934e+04
   2.0890000e+03   6.2447773e+04
   2.0950000e+03   6.2949644e+04
   2.1010000e+03   6.3448574e+04
   2.1070000e+03   6.3956393e+04
   2.1130000e+03   6.4461823e+04
   2.1190000e+03   6.4973883e+04
   2.1250000e+03   6.5497303e+04
   2.1310000e+03   6.6022861e+04
   2.1370000e+03   6.6555816e+04
   2.1430000e+03   6.7083326e+04
   2.1490000e+03   6.7605913e+04
   2.1550000e+03   6.8132499e+04
   2.1610000e+03   6.8662500e+04
   2.1670000e+03   6.9199142e+04
   2.1730000e+03   6.9733241e+04
   2.1790000e+03   7.0278578e+04
   2.1850000e+03   7.0822597e+04
   2.1910000e+03   7.1373950e+04
   2.1970000e+03   7.1924891e+04
   2.2030000e+03   7.2480112e+04
   2.2090000e+03   7.3034293e+04
   2.2150000e+03   7.3599649e+04
   2.2210000e+03   7.4165557e+04
   2.2270000e+03   7.4726756e+04
   2.2330000e+03   7.5300245e+04
   2.2390000e+03   7.5873692e+04
   2.2450000e+03   7.6443792e+04
   2.2510000e+03   7.7025416e+04
   2.2570000e+03   7.7605403e+04
   2.2630000e+03   7.8201636e+04
   2.2690000e+03   7.8783999e+04
   2.2750000e+03   7.9376768e+04
   2.2810000e+03   7.9965370e+04
   2.2870000e+03   8.0565253e+04
   2.2930000e+03   8.1154247e+04
   2.2990000e+03   8.1745298e+04
   2.3050000e+03   8.2340140e+04
   2.3110000e+03   8.2945610e+04
   2.3170000e+03   8.3557188e+04
   2.3230000e+03   8.4159764e+04
   2.3290000e+03   8.4774714e+04
   2.3350000e+03   8.5391741e+04
   2.3410000e+03   8.6008533e+04
   2.3470000e+03   8.6629517e+04
   2.3530000e+03   8.7254182e+04
   2.3590000e+03   8.7883579e+04
   2.3650000e+03   8.8524832e+04
   2.3710000e+03   8.9157190e+04
   2.3770000e+03   8.9792030e+04
   2.3830000e+03   9.0425437e+04
   2.3890000e+03   9.1068984e+04
   2.3950000e+03   9.1726119e+04
   2.4010000e+03   9.2379219e+04
   2.4070000e+03   9.3035589e+04
   2.4130000e+03   9.3695804e+04
   2.4190000e+03   9.4353285e+04
   2.4250000e+03   9.5021885e+04
   2.4310000e+03   9.5687273e+04
   2.4370000e+03   9.6349806e+04
   2.4430000e+03   9.7021720e+04
   2.4490000e+03   9.7696043e+04
   2.4550000e+03   9.8368510e+04
   2.4610000e+03   9.9054977e+04
   2.4670000e+03   9.9740016e+04
   2.4730000e+03   1.0042480e+05
   2.4790000e+03   1.0110336e+05
   2.4850000e+03   1.0179776e+05
   2.4910000e+03   1.0249541e+05
   2.4970000e+03   1.0319576e+05
   2.5030000e+03   1.0390118e+05
   2.5090000e+03   1.0459983e+05
   2.5150000e+03   1.0530896e+05
   2.5210000e+03   1.0601599e+05
   2.5270000e+03   1.0672423e+05
   2.5330000e+03   1.0744081e+05
   2.5390000e+03   1.0815878e+05
   2.5450000e+03   1.0887630e+05
   2.5510000e+03   1.0959263e+05
   2.5570000e+03   1.1032061e+05
   2.5630000e+03   1.1104594e+05
   2.5690000e+03   1.1177219e+05
   2.5750000e+03   1.1250922e+05
   2.5810000e+03   1.1324908e+05
   2.5870000e+03   1.1399443e+05
   2.5930000e+03   1.1473631e+05
   2.5990000e+03   1.1548175e+05
   2.6050000e+03   1.1623463e+05
   2.6110000e+03   1.1698700e+05
   2.6170000e+03   1.1774325e+05
   2.6230000e+03   1.1849547e+05
   2.6290000e+03   1.1925852e+05
   2.6350000e+03   1.2002025e+05
   2.6410000e+03   1.2078418e+05
   2.6470000e+03   1.2155065e+05
   2.6530000e+03   1.2232393e+05
   2.6590000e+03   1.2310907e+05
   2.6650000e+03   1.2389211e+05
   2.6710000e+03   1.2467236e+05
   2.6770000e+03   1.2545242e+05
   2.6830000e+03   1.2624544e+05
   2.6890000e+03   1.2704804e+05
   2.6950000e+03   1.2784403e+05
   2.7010000e+03   1.2864308e+05
   2.7070000e+03   1.2944558e+05
   2.7130000e+03   1.3024552e+05
   2.7190000e+03   1.3105410e+05
   2.7250000e+03   1.3186659e+05
   2.7310000e+03   1.3268307e+05
   2.7370000e+03   1.3350511e+05
   2.7430000e+03   1.3433077e+05
   2.7490000e+03   1.3515084e+05
   2.7550000e+03   1.3597954e+05
   2.7610000e+03   1.3681419e+05
   2.7670000e+03   1.3765582e+05
   2.7730000e+03   1.3849413e+05
   2.7790000e+03   1.3934135e+05
   2.7850000e+03   1.4018813e+05
   2.7910000e+03   1.4104570e+05
   2.7970000e+03   1.4189824e+05
   2.8030000e+03   1.4275425e+05
   2.8090000e+03   1.4360240e+05
   2.8150000e+03   1.4445997e+05
   2.8210000e+03   1.4532149e+05
   2.8270000e+03   1.4619634e+05
   2.8330000e+03   1.4706980e+05
   2.8390000e+03   1.4794588e+05
   2.8450000e+03   1.4882091e+05
   2.8510000e+03   1.4970515e+05
   2.8570000e+03   1.5059806e+05
   2.8630000e+03   1.5148855e+05
   2.8690000e+03   1.5237631e+05
   2.8750000e+03   1.5326970e+05
   2.8810000e+03   1.5416374e+05
   2.8870000e+03   1.5505801e+05
   2.8930000e+03   1.5596716e+05
   2.8990000e+03   1.5686783e+05
   2.9050000e+03   1.5777248e+05
   2.9110000e+03   1.5867492e+05
   2.9170000e+03   1.5959435e+05
   2.9230000e+03   1.6051317e+05
   2.9290000e+03   1.6143399e+05
   2.9350000e+03   1.6235721e+05
   2.9410000e+03   1.6328095e+05
   2.9470000e+03   1.6421828e+05
   2.9530000e+03   1.6514886e+05
   2.9590000e+03   1.6608174e+05
   2.9650000e+03   1.6701936e+05
   2.9710000e+03   1.6797785e+05
   2.9770000e+03   1.6893741e+05
   2.9830000e+03   1.6990191e+05
   2.9890000e+03   1.7085938e+05
   2.9950000e+03   1.7181612e+05
   3.0010000e+03   1.7279228e+05
   3.0070000e+03   1.7376422e+05
   3.0130000e+03   1.7473220e+05
   3.0190000e+03   1.7570825e+05
   3.0250000e+03   1.7668635e+05
   3.0310000e+03   1.7766663e+05
   3.0370000e+03   1.7864148e+05
   3.0430000e+03   1.7962243e+05
   3.0490000e+03   1.8060510e+05
   3.0550000e+03   1.8160935e+05
   3.0610000e+03   1.8260974e+05
   3.0670000e+03   1.8360980e+05
   3.0730000e+03   1.8460964e+05
   3.0790000e+03   1.8560805e+05
   3.0850000e+03   1.8661334e+05
   3.0910000e+03   1.8762065e+05
   3.0970000e+03   1.8863700e+05
   3.1030000e+03   1.8964871e+05
   3.1090000e+03   1.9066929e+05
   3.1150000e+03   1.9169643e+05
   3.1210000e+03   1.9271843e+05
   3.1270000e+03   1.9374247e+05
   3.1330000e+03   1.9478181e+05
   3.1390000e+03   1.9581581e+05
   3.1450000e+03   1.9686373e+05
   3.1510000e+03   1.9791408e+05
   3.1570000e+03   1.9895947e+05
   3.1630000e+03   2.0000650e+05
   3.1690000e+03   2.0106637e+05
   3.1750000e+03   2.0212821e+05
   3.1810000e+03   2.0319556e+05
   3.1870000e+03   2.0425955e+05
   3.1930000e+03   2.0534370e+05
   3.1990000e+03   2.0641434e+05
   3.2050000e+03   2.0749482e+05
   3.2110000e+03   2.0857144e+05
   3.2170000e+03   2.0965166e+05
   3.2230000e+03   2.1073453e+05
   3.2290000e+03   2.1182783e+05
   3.2350000e+03   2.1292804e+05
   3.2410000e+03   2.1403173e+05
   3.2470000e+03   2.1514601e+05
   3.2530000e+03   2.1624791e+05
   3.2590000e+03   2.1735681e+05
   3.2650000e+03   2.1847292e+05
   3.2710000e+03   2.1958418e+05
   3.2770000e+03   2.2070113e+05
   3.2830000e+03   2.2182547e+05
   3.2890000e+03   2.2295705e+05
   3.2950000e+03   2.2408776e+05
   3.3010000e+03   2.2522940e+05
   3.3070000e+03   2.2636674e+05
   3.3130000e+03   2.2750813e+05
   3.3190000e+03   2.2865268e+05
   3.3250000e+03   2.2979948e+05
   3.3310000e+03   2.3095179e+05
   3.3370000e+03   2.3210189e+05
   3.3430000e+03   2.3326308e+05
   3.3490000e+03   2.3442777e+05
   3.3550000e+03   2.3559864e+05
   3.3610000e+03   2.3677440e+05
   3.3670000e+03   2.3795186e+05
   3.3730000e+03   2.3913225e+05
   3.3790000e+03   2.4030790e+05
   3.3850000e+03   2.4148997e+05
   3.3910000e+03   2.4267364e+05
   3.3970000e+03   2.4385842e+05
   3.4030000e+03   2.4506457e+05
   3.4090000e+03   2.4625796e+05
   3.4150000e+03   2.4746980e+05
   3.4210000e+03   2.4866589e+05
   3.4270000e+03   2.4988888e+05
   3.4330000e+03   2.5110228e+05
   3.4390000e+03   2.5231761e+05
   3.4450000e+03   2.5353997e+05
   3.4510000e+03   2.5475424e+05
   3.4570000e+03   2.5597628e+05
   3.4630000e+03   2.5721141e+05
   3.4690000e+03   2.5844887e+05
   3.4750000e+03   2.5968606e+05
   3.4810000e+03   2.6093828e+05
   3.4870000e+03   2.6219067e+05
   3.4930000e+03   2.6344662e+05
   3.4990000e+03   2.6470117e+05
   3.5050000e+03   2.6595991e+05
   3.5110000e+03   2.6720823e+05
   3.5170000e+03   2.6845700e+05
   3.5230000e+03   2.6970570e+05
   3.5290000e+03   2.7094689e+05
   3.5350000e+03   2.7220612e+05
   3.5410000e+03   2.7347535e+05
   3.5470000e+03   2.7475341e+05
   3.5530000e+03   2.7605907e+05
   3.5590000e+03   2.7733673e+05
   3.5650000e+03   2.7862961e+05
   3.5710000e+03   2.7993099e+05
   3.5770000e+03   2.8122813e+05
   3.5830000e+03   2.8252642e+05
   3.5890000e+03   2.8384496e+05
   3.5950000e+03   2.8514311e+05
   3.6010000e+03   2.8646260e+05
   3.6070000e+03   2.8777689e+05
   3.6130000e+03   2.8908345e+05
   3.6190000e+03   2.9040971e+05
   3.6250000e+03   2.9172702e+05
   3.6310000e+03   2.9305867e+05
   3.6370000e+03   2.9439441e+05
   3.6430000e+03   2.9573557e+05
   3.6490000e+03   2.9707719e+05
   3.6550000e+03   2.9841642e+05
   3.6610000e+03   2.9976775e+05
   3.6670000e+03   3.0111962e+05
   3.6730000e+03   3.0247162e+05
   3.6790000e+03   3.0383083e+05
   3.6850000e+03   3.0518339e+05
   3.6910000e+03   3.0655131e+05
   3.6970000e+03   3.0793510e+05
   3.7030000e+03   3.0931579e+05
   3.7090000e+03   3.1070309e+05
   3.7150000e+03   3.1209348e+05
   3.7210000e+03   3.1349891e+05
   3.7270000e+03   3.1490712e+05
   3.7330000e+03   3.1631137e+05
   3.7390000e+03   3.1769990e+05
   3.7450000e+03   3.1911095e+05
   3.7510000e+03   3.2050443e+05
   3.7570000e+03   3.2191497e+05
   3.7630000e+03   3.2333636e+05
   3.7690000e+03   3.2475284e+05
   3.7750000e+03   3.2616974e+05
   3.7810000e+03   3.2757383e+05
   3.7870000e+03   3.2901002e+05
   3.7930000e+03   3.3042842e+05
   3.7990000e+03   3.3186019e+05
   3.8050000e+03   3.3329318e+05
   3.8110000e+03   3.3474747e+05
   3.8170000e+03   3.3620832e+05
   3.8230000e+03   3.3769076e+05
   3.8290000e+03   3.3914466e+05
   3.8350000e+03   3.4059726e+05
   3.8410000e+03   3.4207183e+05
   3.8470000e+03   3.4353908e+05
   3.8530000e+03   3.4499065e+05
   3.8590000e+03   3.4645245e+05
   3.8650000e+03   3.4793883e+05
   3.8710000e+03   3.4940864e+05
   3.8770000e+03   3.5087910e+05
   3.8830000e+03   3.5235340e+05
   3.8890000e+03   3.5383059e+05
   3.8950000e+03   3.5533373e+05
   3.9010000e+03   3.5683513e+05
   3.9070000e+03   3.5832145e+05
   3.9130000e+03   3.5981737e+05
   3.9190000e+03   3.6131373e+05
   3.9250000e+03   3.6282283e+05
   3.9310000e+03   3.6433727e+05
   3.9370000e+03   3.6586555e+05
   3.9430000e+03   3.6737580e+05
   3.9490000e+03   3.6889372e+05
   3.9550000e+03   3.7041864e+05
   3.9610000e+03   3.7196201e+05
   3.9670000e+03   3.7349508e+05
   3.9730000e+03   3.7504047e+05
   3.9790000e+03   3.7658091e+05
   3.9850000e+03   3.7810958e+05
   3.9910000e+03   3.7964063e+05
   3.9970000e+03   3.8118506e+05
   4.0030000e+03   3.8274266e+05
   4.0090000e+03   3.8430196e+05
   4.0150000e+03   3.8584914e+05
   4.0210000e+03   3.8739586e+05
   4.0270000e+03   3.8896215e+05
   4.0330000e+03   3.9054197e+05
   4.0390000e+03   3.9211135e+05
   4.0450000e+03   3.9369311e+05
   4.0510000e+03   3.9528528e+05
   4.0570000e+03   3.9687496e+05
   4.0630000e+03   3.9848285e+05
   4.0690000e+03   4.0009425e+05
   4.0750000e+03   4.0171028e+05
   4.0810000e+03   4.0332011e+05
   4.0870000e+03   4.0493612e+05
   4.0930000e+03   4.0656229e+05
   4.0990000e+03   4.0819421e+05
   4.1050000e+03   4.0982136e+05
   4.1110000e+03   4.1145185e+05
   4.1170000e+03   4.1309957e+05
   4.1230000e+03   4.1473391e+05
   4.1290000e+03   4.1638467e+05
   4.1350000e+03   4.1802949e+05
   4.1410000e+03   4.1967541e+05
   4.1470000e+03   4.2132412e+05
   4.1530000e+03   4.2300726e+05
   4.1590000e+03   4.2466613e+05
   4.1650000e+03   4.2632962e+05
   4.1710000e+03   4.2799628e+05
   4.1770000e+03   4.2967541e+05
   4.1830000e+03   4.3134657e+05
   4.1890000e+03   4.3302899e+05
   4.1950000e+03   4.3471317e+05
   4.2010000e+03   4.3639528e+05
   4.2070000e+03   4.3808644e+05
   4.2130000e+03   4.3977986e+05
   4.2190000e+03   4.4146357e+05
   4.2250000e+03   4.4317769e+05
   4.2310000e+03   4.4488728e+05
   4.2370000e+03   4.4660946e+05
   4.2430000e+03   4.4832745e+05
   4.2490000e+03   4.5004830e+05
   4.2550000e+03   4.5176992e+05
   4.2610000e+03   4.5350627e+05
   4.2670000e+03   4.5524188e+05
   4.2730000e+03   4.5697555e+05
   4.2790000e+03   4.5872782e+05
   4.2850000e+03   4.6048112e+05
   4.2910000e+03   4.6220921e+05
   4.2970000e+03   4.6395314e+05
   4.3030000e+03   4.6571135e+05
   4.3090000e+03   4.6750647e+05
   4.3150000e+03   4.6929015e+05
   4.3210000e+03   4.7107044e+05
   4.3270000e+03   4.7284668e+05
   4.3330000e+03   4.7462527e+05
   4.3390000e+03   4.7640226e+05
   4.3450000e+03   4.7818474e+05
   4.3510000e+03   4.7996680e+05
   4.3570000e+03   4.8175973e+05
   4.3630000e+03   4.8355882e+05
   4.3690000e+03   4.8536117e+05
   4.3750000e+03   4.8717607e+05
   4.3810000e+03   4.8898640e+05
   4.3870000e+03   4.9081827e+05
   4.3930000e+03   4.9264000e+05
   4.3990000e+03   4.9447410e+05
   4.4050000e+03   4.9630295e+05
   4.4110000e+03   4.9814333e+05
   4.4170000e+03   4.9997980e+05
   4.4230000e+03   5.0184443e+05
   4.4290000e+03   5.0370288e+05
   4.4350000e+03   5.0555630e+05
   4.4410000e+03   5.0742360e+05
   4.4470000e+03   5.0930531e+05
   4.4530000e+03   5.1117158e+05
   4.4590000e+03   5.1304771e+05
   4.4650000e+03   5.1491692e+05
   4.4710000e+03   5.1679223e+05
   4.4770000e+03   5.1867046e+05
   4.4830000e+03   5.2056364e+05
   4.4890000e+03   5.2245911e+05
   4.4950000e+03   5.2435137e+05
   4.5010000e+03   5.2624593e+05
   4.5070000e+03   5.2815461e+05
   4.5130000e+03   5.3007091e+05
   4.5190000e+03   5.3197432e+05
   4.5250000e+03   5.3388430e+05
   4.5310000e+03   5.3580001e+05
   4.5370000e+03   5.3771606e+05
   4.5430000e+03   5.3963630e+05
   4.5490000e+03   5.4153978e+05
   4.5550000e+03   5.4348882e+05
   4.5610000e+03   5.4542887e+05
   4.5670000e+03   5.4736544e+05
   4.5730000e+03   5.4931505e+05
   4.5790000e+03   5.5126160e+05
   4.5850000e+03   5.5320788e+05
   4.5910000e+03   5.5515573e+05
   4.5970000e+03   5.5711080e+05
   4.6030000e+03   5.5905459e+05
   4.6090000e+03   5.6099426e+05
   4.6150000e+03   5.6293412e+05
   4.6210000e+03   5.6489735e+05
   4.6270000e+03   5.6689353e+05
   4.6330000e+03   5.6888980e+05
   4.6390000e+03   5.7090299e+05
   4.6450000e+03   5.7289874e+05
   4.6510000e+03   5.7490282e+05
   4.6570000e+03   5.7688661e+05
   4.6630000e+03   5.7888377e+05
   4.6690000e+03   5.8090126e+05
   4.6750000e+03   5.8293216e+05
   4.6810000e+03   5.8498190e+05
   4.6870000e+03   5.8699677e+05
   4.6930000e+03   5.8903507e+05
   4.6990000e+03   5.9108186e+05
   4.7050000e+03   5.9312481e+05
   4.7110000e+03   5.9518063e+05
   4.7170000e+03   5.9721844e+05
   4.7230000e+03   5.9928350e+05
   4.7290000e+03   6.0133717e+05
   4.7350000e+03   6.0338645e+05
   4.7410000e+03   6.0546145e+05
   4.7470000e+03   6.0751540e+05
   4.7530000e+03   6.0957353e+05
   4.7590000e+03   6.1163112e+05
   4.7650000e+03   6.1371004e+05
   4.7710000e+03   6.1577224e+05
   4.7770000e+03   6.1785609e+05
   4.7830000e+03   6.1993125e+05
   4.7890000e+03   6.2201120e+05
   4.7950000e+03   6.2411534e+05
   4.8010000e+03   6.2620515e+05
   4.8070000e+03   6.2830854e+05
   4.8130000e+03   6.3042117e+05
   4.8190000e+03   6.3253059e+05
   4.8250000e+03   6.3463568e+05
   4.8310000e+03   6.3675547e+05
   4.8370000e+03   6.3887568e+05
   4.8430000e+03   6.4098564e+05
   4.8490000e+03   6.4312437e+05
   4.8550000e+03   6.4528311e+05
   4.8610000e+03   6.4742769e+05
   4.8670000e+03   6.4959299e+05
   4.8730000e+03   6.5178511e+05
   4.8790000e+03   6.5395736e+05
   4.8850000e+03   6.5612702e+05
   4.8910000e+03   6.5829824e+05
   4.8970000e+03   6.6045778e+05
   4.9030000e+03   6.6262606e+05
   4.9090000e+03   6.6481020e+05
   4.9150000e+03   6.6700006e+05
   4.9210000e+03   6.6918471e+05
   4.9270000e+03   6.7137648e+05
   4.9330000e+03   6.7356753e+05
   4.9390000e+03   6.7576570e+05
   4.9450000e+03   6.7800064e+05
   4.9510000e+03   6.8021548e+05
   4.9570000e+03   6.8244314e+05
   4.9630000e+03   6.8466147e+05
   4.9690000e+03   6.8688482e+05
   4.9750000e+03   6.8912963e+05
   4.9810000e+03   6.9137037e+05
   4.9870000e+03   6.9359569e+05
   4.9930000e+03   6.9584073e+05
   4.9990000e+03   6.9805273e+05
   5.0050000e+03   7.0025884e+05
   5.0110000e+03   7.0247587e+05
   5.0170000e+03   7.0473458e+05
   5.0230000e+03   7.0701483e+05
   5.0290000e+03   7.0928895e+05
   5.0350000e+03   7.1155654e+05
   5.0410000e+03   7.1382306e+05
   5.0470000e+03   7.1610660e+05
   5.0530000e+03   7.1840350e+05
   5.0590000e+03   7.2067572e+05
   5.0650000e+03   7.2296308e+05
   5.0710000e+03   7.2523851e+05
   5.0770000e+03   7.2752149e+05
   5.0830000e+03   7.2984107e+05
   5.0890000e+03   7.3213734e+05
   5.0950000e+03   7.3445080e+05
   5.1010000e+03   7.3679318e+05
   5.1070000e+03   7.3914423e+05
   5.1130000e+03   7.4148016e+05
   5.1190000e+03   7.4382213e+05
   5.1250000e+03   7.4614012e+05
   5.1310000e+03   7.4847817e+05
   5.1370000e+03   7.5082921e+05
   5.1430000e+03   7.5317782e+05
   5.1490000e+03   7.5552242e+05
   5.1550000e+03   7.5790037e+05
   5.1610000e+03   7.6025273e+05
   5.1670000e+03   7.6260996e+05
   5.1730000e+03   7.6495308e+05
   5.1790000e+03   7.6731544e+05
   5.1850000e+03   7.6968032e+05
   5.1910000e+03   7.7205699e+05
   5.1970000e+03   7.7443168e+05
   5.2030000e+03   7.7680408e+05
   5.2090000e+03   7.7918762e+05
   5.2150000e+03   7.8157027e+05
   5.2210000e+03   7.8394597e+05
   5.2270000e+03   7.8634154e+05
   5.2330000e+03   7.8875187e+05
   5.2390000e+03   7.9116566e+05
   5.2450000e+03   7.9357019e+05
   5.2510000e+03   7.9598662e+05
   5.2570000e+03   7.9841424e+05
   5.2630000e+03   8.0083033e+05
   5.2690000e+03   8.0325291e+05
   5.2750000e+03   8.0568067e+05
   5.2810000e+03   8.0810242e+05
   5.2870000e+03   8.1050671e+05
   5.2930000e+03   8.1293379e+05
   5.2990000e+03   8.1536507e+05
   5.3050000e+03   8.1782944e+05
   5.3110000e+03   8.2029276e+05
   5.3170000e+03   8.2274209e+05
   5.3230000e+03   8.2521521e+05
   5.3290000e+03   8.2771129e+05
   5.3350000e+03   8.3018162e+05
   5.3410000e+03   8.3266368e+05
   5.3470000e+03   8.3515765e+05
   5.3530000e+03   8.3768871e+05
   5.3590000e+03   8.4018739e+05
   5.3650000e+03   8.4266876e+05
   5.3710000e+03   8.4518862e+05
   5.3770000e+03   8.4769113e+05
   5.3830000e+03   8.5020536e+05
   5.3890000e+03   8.5273044e+05
   5.3950000e+03   8.5523503e+05
   5.4010000e+03   8.5774028e+05
   5.4070000e+03   8.6025407e+05
   5.4130000e+03   8.6277010e+05
   5.4190000e+03   8.6530005e+05
   5.4250000e+03   8.6782074e+05
   5.4310000e+03   8.7037054e+05
   5.4370000e+03   8.7290884e+05
   5.4430000e+03   8.7544804e+05
   5.4490000e+03   8.7801631e+05
   5.4550000e+03   8.8058834e+05
   5.4610000e+03   8.8314478e+05
   5.4670000e+03   8.8571190e+05
   5.4730000e+03   8.8825086e+05
   5.4790000e+03   8.9081459e+05
   5.4850000e+03   8.9340320e+05
   5.4910000e+03   8.9597007e+05
   5.4970000e+03   8.9855800e+05
   5.5030000e+03   9.0114210e+05
   5.5090000e+03   9.0372165e+05
   5.5150000e+03   9.0631536e+05
   5.5210000e+03   9.0894570e+05
   5.5270000e+03   9.1157053e+05
   5.5330000e+03   9.1417851e+05
   5.5390000e+03   9.1677736e+05
   5.5450000e+03   9.1938296e+05
   5.5510000e+03   9.2200773e+05
   5.5570000e+03   9.2464772e+05
   5.5630000e+03   9.2727347e+05
   5.5690000e+03   9.2987833e+05
   5.5750000e+03   9.3250748e+05
   5.5810000e+03   9.3513345e+05
   5.5870000e+03   9.3776751e+05
   5.5930000e+03   9.4040026e+05
   5.5990000e+03   9.4304452e+05
   5.6050000e+03   9.4569458e+05
   5.6110000e+03   9.4833476e+05
   5.6170000e+03   9.5099116e+05
   5.6230000e+03   9.5365116e+05
   5.6290000e+03   9.5630283e+05
   5.6350000e+03   9.5895894e+05
   5.6410000e+03   9.6162421e+05
   5.6470000e+03   9.6429090e+05
   5.6530000e+03   9.6697677e+05
   5.6590000e+03   9.6968245e+05
   5.6650000e+03   9.7236814e+05
   5.6710000e+03   9.7505503e+05
   5.6770000e+03   9.7775636e+05
   5.6830000e+03   9.8046885e+05
   5.6890000e+03   9.8318542e+05
   5.6950000e+03   9.8590455e+05
   5.7010000e+03   9.8860072e+05
   5.7070000e+03   9.9133398e+05
   5.7130000e+03   9.9408512e+05
   5.7190000e+03   9.9681415e+05
   5.7250000e+03   9.9954659e+05
   5.7310000e+03   1.0022977e+06
   5.7370000e+03   1.0050217e+06
   5.7430000e+03   1.0077681e+06
   5.7490000e+03   1.0105106e+06
   5.7550000e+03   1.0132421e+06
   5.7610000e+03   1.0160110e+06
   5.7670000e+03   1.0187940e+06
   5.7730000e+03   1.0215709e+06
   5.7790000e+03   1.0243575e+06
   5.7850000e+03   1.0271391e+06
   5.7910000e+03   1.0299330e+06
   5.7970000e+03   1.0327098e+06
   5.8030000e+03   1.0354828e+06
   5.8090000e+03   1.0382903e+06
   5.8150000e+03   1.0410976e+06
   5.8210000e+03   1.0438936e+06
   5.8270000e+03   1.0467200e+06
   5.8330000e+03   1.0495374e+06
   5.8390000e+03   1.0523606e+06
   5.8450000e+03   1.0551866e+06
   5.8510000e+03   1.0580152e+06
   5.8570000e+03   1.0608088e+06
   5.8630000e+03   1.0636252e+06
   5.8690000e+03   1.0664541e+06
   5.8750000e+03   1.0692852e+06
   5.8810000e+03   1.0721423e+06
   5.8870000e+03   1.0749718e+06
   5.8930000e+03   1.0778131e+06
   5.8990000e+03   1.0806530e+06
   5.9050000e+03   1.0835033e+06
   5.9110000e+03   1.0863486e+06
   5.9170000e+03   1.0892056e+06
   5.9230000e+03   1.0920841e+06
   5.9290000e+03   1.0949805e+06
   5.9350000e+03   1.0978868e+06
   5.9410000e+03   1.1007791e+06
   5.9470000e+03   1.1036594e+06
   5.9530000e+03   1.1065547e+06
   5.9590000e+03   1.1094519e+06
   5.9650000e+03   1.1123616e+06
   5.9710000e+03   1.1152716e+06
   5.9770000e+03   1.1181637e+06
   5.9830000e+03   1.1210895e+06
   5.9890000e+03   1.1240282e+06
   5.9950000e+03   1.1269661e+06
   6.0010000e+03   1.1298943e+06
   6.0070000e+03   1.1328399e+06
   6.0130000e+03   1.1357876e+06
   6.0190000e+03   1.1387629e+06
   6.0250000e+03   1.1417137e+06
   6.0310000e+03   1.1446704e+06
   6.0370000e+03   1.1476216e+06
   6.0430000e+03   1.1505852e+06
   6.0490000e+03   1.1535435e+06
   6.0550000e+03   1.1565267e+06
   6.0610000e+03   1.1594924e+06
   6.0670000e+03   1.1624779e+06
   6.0730000e+03   1.1654742e+06
   6.0790000e+03   1.1684776e+06
   6.0850000e+03   1.1714963e+06
   6.0910000e+03   1.1745373e+06
   6.0970000e+03   1.1775718e+06
   6.1030000e+03   1.1805761e+06
   6.1090000e+03   1.1836296e+06
   6.1150000e+03   1.1866518e+06
   6.1210000e+03   1.1896942e+06
   6.1270000e+03   1.1927202e+06
   6.1330000e+03   1.1957595e+06
   6.1390000e+03   1.1988279e+06
   6.1450000e+03   1.2019085e+06
   6.1510000e+03   1.2050063e+06
   6.1570000e+03   1.2082328e+06
   6.1630000e+03   1.2114726e+06
   6.1690000e+03   1.2146806e+06
   6.1750000e+03   1.2179275e+06
   6.1810000e+03   1.2211653e+06
   6.1870000e+03   1.2244225e+06
   6.1930000e+03   1.2276642e+06
   6.1990000e+03   1.2309007e+06
   6.2050000e+03   1.2341532e+06
   6.2110000e+03   1.2374430e+06
   6.2170000e+03   1.2406994e+06
   6.2230000e+03   1.2439727e+06
   6.2290000e+03   1.2472413e+06
   6.2350000e+03   1.2505100e+06
   6.2410000e+03   1.2537836e+06
   6.2470000e+03   1.2571075e+06
   6.2530000e+03   1.2603925e+06
   6.2590000e+03   1.2637037e+06
   6.2650000e+03   1.2670184e+06
   6.2710000e+03   1.2703307e+06
   6.2770000e+03   1.2736417e+06
   6.2830000e+03   1.2769393e+06
   6.2890000e+03   1.2802425e+06
   6.2950000e+03   1.2835832e+06
   6.3010000e+03   1.2868846e+06
   6.3070000e+03   1.2902041e+06
   6.3130000e+03   1.2935051e+06
   6.3190000e+03   1.2967997e+06
   6.3250000e+03   1.3001137e+06
   6.3310000e+03   1.3034331e+06
   6.3370000e+03   1.3067809e+06
   6.3430000e+03   1.3101341e+06
   6.3490000e+03   1.3134783e+06
   6.3550000e+03   1.3168070e+06
   6.3610000e+03   1.3201769e+06
   6.3670000e+03   1.3235289e+06
   6.3730000e+03   1.3268989e+06
   6.3790000e+03   1.3302870e+06
   6.3850000e+03   1.3336867e+06
   6.3910000e+03   1.3370957e+06
   6.3970000e+03   1.3405107e+06
   6.4030000e+03   1.3439231e+06
   6.4090000e+03   1.3473433e+06
   6.4150000e+03   1.3507934e+06
   6.4210000e+03   1.3542100e+06
   6.4270000e+03   1.3576328e+06
   6.4330000e+03   1.3610798e+06
   6.4390000e+03   1.3644802e+06
   6.4450000e+03   1.3678946e+06
   6.4510000e+03   1.3713460e+06
   6.4570000e+03   1.3747718e+06
   6.4630000e+03   1.3781778e+06
   6.4690000e+03   1.3815962e+06
   6.4750000e+03   1.3850069e+06
   6.4810000e+03   1.3884808e+06
   6.4870000e+03   1.3919105e+06
   6.4930000e+03   1.3953463e+06
   6.4990000e+03   1.3987959e+06
   6.5050000e+03   1.4022572e+06
   6.5110000e+03   1.4057374e+06
   6.5170000e+03   1.4092121e+06
   6.5230000e+03   1.4126644e+06
   6.5290000e+03   1.4161768e+06
   6.5350000e+03   1.4196558e+06
   6.5410000e+03   1.4231231e+06
   6.5470000e+03   1.4266455e+06
   6.5530000e+03   1.4301349e+06
   6.5590000e+03   1.4336426e+06
   6.5650000e+03   1.4371342e+06
   6.5710000e+03   1.4406380e+06
   6.5770000e+03   1.4441496e+06
   6.5830000e+03   1.4476550e+06
   6.5890000e+03   1.4511715e+06
   6.5950000e+03   1.4546361e+06
   6.6010000e+03   1.4580720e+06
   6.6070000e+03   1.4615106e+06
   6.6130000e+03   1.4649575e+06
   6.6190000e+03   1.4683953e+06
   6.6250000e+03   1.4717944e+06
   6.6310000e+03   1.4752051e+06
   6.6370000e+03   1.4786002e+06
   6.6430000e+03   1.4820167e+06
   6.6490000e+03   1.4854481e+06
   6.6550000e+03   1.4889216e+06
   6.6610000e+03   1.4923823e+06
   6.6670000e+03   1.4958460e+06
   6.6730000e+03   1.4993253e+06
   6.6790000e+03   1.5027717e+06
   6.6850000e+03   1.5062367e+06
   6.6910000e+03   1.5097356e+06
   6.6970000e+03   1.5131885e+06
   6.7030000e+03   1.5166622e+06
   6.7090000e+03   1.5201557e+06
   6.7150000e+03   1.5236415e+06
   6.7210000e+03   1.5271275e+06
   6.7270000e+03   1.5306269e+06
   6.7330000e+03   1.5341206e+06
   6.7390000e+03   1.5376281e+06
   6.7450000e+03   1.5411727e+06
   6.7510000e+03   1.5447023e+06
   6.7570000e+03   1.5482266e+06
   6.7630000e+03   1.5517756e+06
   6.7690000e+03   1.5553390e+06
   6.7750000e+03   1.5589301e+06
   6.7810000e+03   1.5625386e+06
   6.7870000e+03   1.5661286e+06
   6.7930000e+03   1.5697254e+06
   6.7990000e+03   1.5733274e+06
   6.8050000e+03   1.5769564e+06
   6.8110000e+03   1.5805830e+06
   6.8170000e+03   1.5841527e+06
   6.8230000e+03   1.5877299e+06
   6.8290000e+03   1.5913481e+06
   6.8350000e+03   1.5949604e+06
   6.8410000e+03   1.5985667e+06
   6.8470000e+03   1.6021412e+06
   6.8530000e+03   1.6057271e+06
   6.8590000e+03   1.6093586e+06
   6.8650000e+03   1.6129959e+06
   6.8710000e+03   1.6166679e+06
   6.8770000e+03   1.6203056e+06
   6.8830000e+03   1.6239585e+06
   6.8890000e+03   1.6275798e+06
   6.8950000e+03   1.6312027e+06
   6.9010000e+03   1.6348465e+06
   6.9070000e+03   1.6384685e+06
   6.9130000e+03   1.6421175e+06
   6.9190000e+03   1.6457359e+06
   6.9250000e+03   1.6493739e+06
   6.9310000e+03   1.6530481e+06
   6.9370000e+03   1.6567357e+06
   6.9430000e+03   1.6604410e+06
   6.9490000e+03   1.6641282e+06
   6.9550000e+03   1.6677754e+06
   6.9610000e+03   1.6714519e+06
   6.9670000e+03   1.6750942e+06
   6.9730000e+03   1.6787775e+06
   6.9790000e+03   1.6824569e+06
   6.9850000e+03   1.6861690e+06
   6.9910000e+03   1.6898631e+06
   6.9970000e+03   1.6934994e+06
   7.0030000e+03   1.6971276e+06
   7.0090000e+03   1.7007913e+06
   7.0150000e+03   1.7044864e+06
   7.0210000e+03   1.7082190e+06
   7.0270000e+03   1.7119062e+06
   7.0330000e+03   1.7155877e+06
   7.0390000e+03   1.7192811e+06
   7.0450000e+03   1.7229758e+06
   7.0510000e+03   1.7266631e+06
   7.0570000e+03   1.7303759e+06
   7.0630000e+03   1.7341244e+06
   7.0690000e+03   1.7379481e+06
   7.0750000e+03   1.7417264e+06
   7.0810000e+03   1.7455003e+06
   7.0870000e+03   1.7493559e+06
   7.0930000e+03   1.7532426e+06
   7.0990000e+03   1.7571041e+06
   7.1050000e+03   1.7610320e+06
   7.1110000e+03   1.7649685e+06
   7.1170000e+03   1.7688910e+06
   7.1230000e+03   1.7728352e+06
   7.1290000e+03   1.7767474e+06
   7.1350000e+03   1.7806537e+06
   7.1410000e+03   1.7845316e+06
   7.1470000e+03   1.7884460e+06
   7.1530000e+03   1.7923276e+06
   7.1590000e+03   1.7962154e+06
   7.1650000e+03   1.8001029e+06
   7.1710000e+03   1.8040067e+06
   7.1770000e+03   1.8079584e+06
   7.1830000e+03   1.8118656e+06
   7.1890000e+03   1.8158159e+06
   7.1950000e+03   1.8197356e+06
   7.2010000e+03   1.8236526e+06
   7.2070000e+03   1.8275711e+06
   7.2130000e+03   1.8314915e+06
   7.2190000e+03   1.8353979e+06
   7.2250000e+03   1.8393374e+06
   7.2310000e+03   1.8432564e+06
   7.2370000e+03   1.8471769e+06
   7.2430000e+03   1.8511072e+06
   7.2490000e+03   1.8550659e+06
   7.2550000e+03   1.8590625e+06
   7.2610000e+03   1.8630951e+06
   7.2670000e+03   1.8670146e+06
   7.2730000e+03   1.8709443e+06
   7.2790000e+03   1.8748608e+06
   7.2850000e+03   1.8788120e+06
   7.2910000e+03   1.8827563e+06
   7.2970000e+03   1.8867114e+06
   7.3030000e+03   1.8906560e+06
   7.3090000e+03   1.8946537e+06
   7.3150000e+03   1.8985986e+06
   7.3210000e+03   1.9025768e+06
   7.3270000e+03   1.9065955e+06
   7.3330000e+03   1.9106226e+06
   7.3390000e+03   1.9146826e+06
   7.3450000e+03   1.9187485e+06
   7.3510000e+03   1.9227500e+06
   7.3570000e+03   1.9267437e+06
   7.3630000e+03   1.9308275e+06
   7.3690000e+03   1.9348906e+06
   7.3750000e+03   1.9389353e+06
   7.3810000e+03   1.9429878e+06
   7.3870000e+03   1.9470299e+06
   7.3930000e+03   1.9510894e+06
   7.3990000e+03   1.9551518e+06
   7.4050000e+03   1.9592380e+06
   7.4110000e+03   1.9633085e+06
   7.4170000e+03   1.9674045e+06
   7.4230000e+03   1.9715494e+06
   7.4290000e+03   1.9756521e+06
   7.4350000e+03   1.9797676e+06
   7.4410000e+03   1.9838740e+06
   7.4470000e+03   1.9879390e+06
   7.4530000e+03   1.9920357e+06
   7.4590000e+03   1.9960997e+06
   7.4650000e+03   2.0001732e+06
   7.4710000e+03   2.0042683e+06
   7.4770000e+03   2.0083741e+06
   7.4830000e+03   2.0125035e+06
   7.4890000e+03   2.0166599e+06
   7.4950000e+03   2.0207952e+06
   7.5010000e+03   2.0249217e+06
   7.5070000e+03   2.0290753e+06
   7.5130000e+03   2.0331764e+06
   7.5190000e+03   2.0372983e+06
   7.5250000e+03   2.0414848e+06
   7.5310000e+03   2.0456509e+06
   7.5370000e+03   2.0497825e+06
   7.5430000e+03   2.0539416e+06
   7.5490000e+03   2.0580825e+06
   7.5550000e+03   2.0622130e+06
   7.5610000e+03   2.0663346e+06
   7.5670000e+03   2.0704790e+06
   7.5730000e+03   2.0746510e+06
   7.5790000e+03   2.0788719e+06
   7.5850000e+03   2.0830593e+06
   7.5910000e+03   2.0872559e+06
   7.5970000e+03   2.0914774e+06
   7.6030000e+03   2.0956777e+06
   7.6090000e+03   2.0998973e+06
   7.6150000e+03   2.1040985e+06
   7.6210000e+03   2.1083130e+06
   7.6270000e+03   2.1125210e+06
   7.6330000e+03   2.1167370e+06
   7.6390000e+03   2.1209689e+06
   7.6450000e+03   2.1252045e+06
   7.6510000e+03   2.1294278e+06
   7.6570000e+03   2.1336815e+06
   7.6630000e+03   2.1379112e+06
   7.6690000e+03   2.1421614e+06
   7.6750000e+03   2.1463837e+06
   7.6810000e+03   2.1506864e+06
   7.6870000e+03   2.1549820e+06
   7.6930000e+03   2.1592688e+06
   7.6990000e+03   2.1635206e+06
   7.7050000e+03   2.1678351e+06
   7.7110000e+03   2.1721387e+06
   7.7170000e+03   2.1763909e+06
   7.7230000e+03   2.1807198e+06
   7.7290000e+03   2.1849653e+06
   7.7350000e+03   2.1892591e+06
   7.7410000e+03   2.1935871e+06
   7.7470000e+03   2.1979057e+06
   7.7530000e+03   2.2022051e+06
   7.7590000e+03   2.2064941e+06
   7.7650000e+03   2.2107932e+06
   7.7710000e+03   2.2151529e+06
   7.7770000e+03   2.2194753e+06
   7.7830000e+03   2.2237989e+06
   7.7890000e+03   2.2281178e+06
   7.7950000e+03   2.2324473e+06
   7.8010000e+03   2.2367950e+06
   7.8070000e+03   2.2411276e+06
   7.8130000e+03   2.2455064e+06
   7.8190000e+03   2.2498354e+06
   7.8250000e+03   2.2541540e+06
   7.8310000e+03   2.2585093e+06
   7.8370000e+03   2.2628415e+06
   7.8430000e+03   2.2671915e+06
   7.8490000e+03   2.2715417e+06
   7.8550000e+03   2.2759025e+06
   7.8610000e+03   2.2802512e+06
   7.8670000e+03   2.2846259e+06
   7.8730000e+03   2.2890576e+06
   7.8790000e+03   2.2934638e+06
   7.8850000e+03   2.2978842e+06
   7.8910000e+03   2.3022607e+06
   7.8970000e+03   2.3066599e+06
   7.9030000e+03   2.3110481e+06
   7.9090000e+03   2.3155423e+06
   7.9150000e+03   2.3199790e+06
   7.9210000e+03   2.3244468e+06
   7.9270000e+03   2.3288868e+06
   7.9330000e+03   2.3333049e+06
   7.9390000e+03   2.3377467e+06
   7.9450000e+03   2.3421522e+06
   7.9510000e+03   2.3466203e+06
   7.9570000e+03   2.3510687e+06
   7.9630000e+03   2.3555560e+06
   7.9690000e+03   2.3599825e+06
   7.9750000e+03   2.3644256e+06
   7.9810000e+03   2.3688679e+06
   7.9870000e+03   2.3733538e+06
   7.9930000e+03   2.3778465e+06
   7.9990000e+03   2.3823080e+06
   8.0050000e+03   2.3867772e+06
   8.0110000e+03   2.3912354e+06
   8.0170000e+03   2.3957283e+06
   8.0230000e+03   2.4001782e+06
   8.0290000e+03   2.4046678e+06
   8.0350000e+03   2.4091664e+06
   8.0410000e+03   2.4136796e+06
   8.0470000e+03   2.4181685e+06
   8.0530000e+03   2.4226496e+06
   8.0590000e+03   2.4271541e+06
   8.0650000e+03   2.4316542e+06
   8.0710000e+03   2.4361644e+06
   8.0770000e+03   2.4406745e+06
   8.0830000e+03   2.4451793e+06
   8.0890000e+03   2.4496943e+06
   8.0950000e+03   2.4542017e+06
   8.1010000e+03   2.4587196e+06
   8.1070000e+03   2.4632552e+06
   8.1130000e+03   2.4678043e+06
   8.1190000e+03   2.4723601e+06
   8.1250000e+03   2.4769145e+06
   8.1310000e+03   2.4814747e+06
   8.1370000e+03   2.4860589e+06
   8.1430000e+03   2.4906213e+06
   8.1490000e+03   2.4951659e+06
   8.1550000e+03   2.4997408e+06
   8.1610000e+03   2.5042785e+06
   8.1670000e+03   2.5088421e+06
   8.1730000e+03   2.5134477e+06
   8.1790000e+03   2.5180089e+06
   8.1850000e+03   2.5225689e+06
   8.1910000e+03   2.5271153e+06
   8.1970000e+03   2.5317505e+06
   8.2030000e+03   2.5363471e+06
   8.2090000e+03   2.5409602e+06
   8.2150000e+03   2.5455758e+06
   8.2210000e+03   2.5501890e+06
   8.2270000e+03   2.5548611e+06
   8.2330000e+03   2.5594913e+06
   8.2390000e+03   2.5641087e+06
   8.2450000e+03   2.5686866e+06
   8.2510000e+03   2.5733246e+06
   8.2570000e+03   2.5779518e+06
   8.2630000e+03   2.5825533e+06
   8.2690000e+03   2.5871691e+06
   8.2750000e+03   2.5917874e+06
   8.2810000e+03   2.5964304e+06
   8.2870000e+03   2.6010740e+06
   8.2930000e+03   2.6057123e+06
   8.2990000e+03   2.6103388e+06
   8.3050000e+03   2.6149924e+06
   8.3110000e+03   2.6196257e+06
   8.3170000e+03   2.6242492e+06
   8.3230000e+03   2.6289379e+06
   8.3290000e+03   2.6335950e+06
   8.3350000e+03   2.6382902e+06
   8.3410000e+03   2.6429774e+06
   8.3470000e+03   2.6476793e+06
   8.3530000e+03   2.6524195e+06
   8.3590000e+03   2.6570363e+06
   8.3650000e+03   2.6617017e+06
   8.3710000e+03   2.6663850e+06
   8.3770000e+03   2.6710462e+06
   8.3830000e+03   2.6757559e+06
   8.3890000e+03   2.6804192e+06
   8.3950000e+03   2.6850945e+06
   8.4010000e+03   2.6898039e+06
   8.4070000e+03   2.6945185e+06
   8.4130000e+03   2.6992531e+06
   8.4190000e+03   2.7039051e+06
   8.4250000e+03   2.7086185e+06
   8.4310000e+03   2.7133385e+06
   8.4370000e+03   2.7180374e+06
   8.4430000e+03   2.7227516e+06
   8.4490000e+03   2.7274439e+06
   8.4550000e+03   2.7321371e+06
   8.4610000e+03   2.7368239e+06
   8.4670000e+03   2.7416176e+06
   8.4730000e+03   2.7464246e+06
   8.4790000e+03   2.7511790e+06
   8.4850000e+03   2.7559160e+06
   8.4910000e+03   2.7606562e+06
   8.4970000e+03   2.7653662e+06
   8.5030000e+03   2.7700932e+06
   8.5090000e+03   2.7748257e+06
   8.5150000e+03   2.7795809e+06
   8.5210000e+03   2.7843191e+06
   8.5270000e+03   2.7890247e+06
   8.5330000e+03   2.7937737e+06
   8.5390000e+03   2.7985079e+06
   8.5450000e+03   2.8032523e+06
   8.5510000e+03   2.8079672e+06
   8.5570000e+03   2.8127440e+06
   8.5630000e+03   2.8175455e+06
   8.5690000e+03   2.8223273e+06
   8.5750000e+03   2.8270824e+06
   8.5810000e+03   2.8318600e+06
   8.5870000e+03   2.8367001e+06
   8.5930000e+03   2.8415852e+06
   8.5990000e+03   2.8463891e+06
   8.6050000e+03   2.8511827e+06
   8.6110000e+03   2.8559695e+06
   8.6170000e+03   2.8608232e+06
   8.6230000e+03   2.8656328e+06
   8.6290000e+03   2.8704610e+06
   8.6350000e+03   2.8752718e+06
   8.6410000e+03   2.8801385e+06
   8.6470000e+03   2.8849627e+06
   8.6530000e+03   2.8897691e+06
   8.6590000e+03   2.8946017e+06
   8.6650000e+03   2.8994334e+06
   8.6710000e+03   2.9042621e+06
   8.6770000e+03   2.9091147e+06
   8.6830000e+03   2.9139649e+06
   8.6890000e+03   2.9188164e+06
   8.6950000e+03   2.9236627e+06
   8.7010000e+03   2.9285677e+06
   8.7070000e+03   2.9334298e+06
   8.7130000e+03   2.9383317e+06
   8.7190000e+03   2.9432222e+06
   8.7250000e+03   2.9481199e+06
   8.7310000e+03   2.9530059e+06
   8.7370000e+03   2.9578975e+06
   8.7430000e+03   2.9627910e+06
   8.7490000e+03   2.9676798e+06
   8.7550000e+03   2.9725953e+06
   8.7610000e+03   2.9774938e+06
   8.7670000e+03   2.9824133e+06
   8.7730000e+03   2.9873278e+06
   8.7790000e+03   2.9922556e+06
   8.7850000e+03   2.9971933e+06
   8.7910000e+03   3.0021248e+06
   8.7970000e+03   3.0070204e+06
   8.8030000e+03   3.0119398e+06
   8.8090000e+03   3.0168430e+06
   8.8150000e+03   3.0217682e+06
   8.8210000e+03   3.0266590e+06
   8.8270000e+03   3.0315587e+06
   8.8330000e+03   3.0364547e+06
   8.8390000e+03   3.0413624e+06
   8.8450000e+03   3.0462608e+06
   8.8510000e+03   3.0512106e+06
   8.8570000e+03   3.0561446e+06
   8.8630000e+03   3.0610749e+06
   8.8690000e+03   3.0660036e+06
   8.8750000e+03   3.0709597e+06
   8.8810000e+03   3.0759323e+06
   8.8870000e+03   3.0808622e+06
   8.8930000e+03   3.0858916e+06
   8.8990000e+03   3.0908727e+06
   8.9050000e+03   3.0958652e+06
   8.9110000e+03   3.1008561e+06
   8.9170000e+03   3.1058177e+06
   8.9230000e+03   3.1108104e+06
   8.9290000e+03   3.1157507e+06
   8.9350000e+03   3.1207370e+06
   8.9410000e+03   3.1257285e+06
   8.9470000e+03   3.1306642e+06
   8.9530000e+03   3.1356729e+06
   8.9590000e+03   3.1406159e+06
   8.9650000e+03   3.1455791e+06
   8.9710000e+03   3.1506088e+06
   8.9770000e+03   3.1556427e+06
   8.9830000e+03   3.1606345e+06
   8.9890000e+03   3.1656382e+06
   8.9950000e+03   3.1706244e+06
   9.0010000e+03   3.1755957e+06
   9.0070000e+03   3.1806259e+06
   9.0130000e+03   3.1856464e+06
   9.0190000e+03   3.1906333e+06
   9.0250000e+03   3.1956575e+06
   9.0310000e+03   3.2006902e+06
   9.0370000e+03   3.2057057e+06
   9.0430000e+03   3.2107536e+06
   9.0490000e+03   3.2158058e+06
   9.0550000e+03   3.2208656e+06
   9.0610000e+03   3.2259092e+06
   9.0670000e+03   3.2309653e+06
   9.0730000e+03   3.2360169e+06
   9.0790000e+03   3.2410667e+06
   9.0850000e+03   3.2460832e+06
   9.0910000e+03   3.2511183e+06
   9.0970000e+03   3.2562222e+06
   9.1030000e+03   3.2612843e+06
   9.1090000e+03   3.2663724e+06
   9.1150000e+03   3.2714365e+06
   9.1210000e+03   3.2765359e+06
   9.1270000e+03   3.2816053e+06
   9.1330000e+03   3.2867157e+06
   9.1390000e+03   3.2918488e+06
   9.1450000e+03   3.2969396e+06
   9.1510000e+03   3.3020068e+06
   9.1570000e+03   3.3070891e+06
   9.1630000e+03   3.3121512e+06
   9.1690000e+03   3.3172634e+06
   9.1750000e+03   3.3223066e+06
   9.1810000e+03   3.3274030e+06
   9.1870000e+03   3.3324876e+06
   9.1930000e+03   3.3375346e+06
   9.1990000e+03   3.3426105e+06
   9.2050000e+03   3.3477276e+06
   9.2110000e+03   3.3528230e+06
   9.2170000e+03   3.3578704e+06
   9.2230000e+03   3.3629341e+06
   9.2290000e+03   3.3680796e+06
   9.2350000e+03   3.3732432e+06
   9.2410000e+03   3.3783396e+06
   9.2470000e+03   3.3834924e+06
   9.2530000e+03   3.3886228e+06
   9.2590000e+03   3.3937305e+06
   9.2650000e+03   3.3988469e+06
   9.2710000e+03   3.4039742e+06
   9.2770000e+03   3.4091006e+06
   9.2830000e+03   3.4141812e+06
   9.2890000e+03   3.4192665e+06
   9.2950000e+03   3.4243863e+06
   9.3010000e+03   3.4295254e+06
   9.3070000e+03   3.4346304e+06
   9.3130000e+03   3.4397175e+06
   9.3190000e+03   3.4448740e+06
   9.3250000e+03   3.4500977e+06
   9.3310000e+03   3.4552544e+06
   9.3370000e+03   3.4603506e+06
   9.3430000e+03   3.4654472e+06
   9.3490000e+03   3.4705386e+06
   9.3550000e+03   3.4756283e+06
   9.3610000e+03   3.4807594e+06
   9.3670000e+03   3.4858654e+06
   9.3730000e+03   3.4910295e+06
   9.3790000e+03   3.4962084e+06
   9.3850000e+03   3.5013469e+06
   9.3910000e+03   3.5064397e+06
   9.3970000e+03   3.5115289e+06
   9.4030000e+03   3.5166628e+06
   9.4090000e+03   3.5218684e+06
   9.4150000e+03   3.5271086e+06
   9.4210000e+03   3.5322327e+06
   9.4270000e+03   3.5373673e+06
   9.4330000e+03   3.5425028e+06
   9.4390000e+03   3.5476342e+06
   9.4450000e+03   3.5528095e+06
   9.4510000e+03   3.5580423e+06
   9.4570000e+03   3.5632017e+06
   9.4630000e+03   3.5683495e+06
   9.4690000e+03   3.5735968e+06
   9.4750000e+03   3.5787246e+06
   9.4810000e+03   3.5838213e+06
   9.4870000e+03   3.5890232e+06
   9.4930000e+03   3.5942720e+06
   9.4990000e+03   3.5994540e+06
   9.5050000e+03   3.6046598e+06
   9.5110000e+03   3.6098344e+06
   9.5170000e+03   3.6150823e+06
   9.5230000e+03   3.6203234e+06
   9.5290000e+03   3.6255878e+06
   9.5350000e+03   3.6308092e+06
   9.5410000e+03   3.6360080e+06
   9.5470000e+03   3.6412842e+06
   9.5530000e+03   3.6465314e+06
   9.5590000e+03   3.6517625e+06
   9.5650000e+03   3.6570186e+06
   9.5710000e+03   3.6622408e+06
   9.5770000e+03   3.6674647e+06
   9.5830000e+03   3.6727590e+06
   9.5890000e+03   3.6781118e+06
   9.5950000e+03   3.6833949e+06
   9.6010000e+03   3.6886520e+06
   9.6070000e+03   3.6939264e+06
   9.6130000e+03   3.6992659e+06
   9.6190000e+03   3.7045125e+06
   9.6250000e+03   3.7097878e+06
   9.6310000e+03   3.7150757e+06
   9.6370000e+03   3.7203787e+06
   9.6430000e+03   3.7257185e+06
   9.6490000e+03   3.7309868e+06
   9.6550000e+03   3.7363051e+06
   9.6610000e+03   3.7415649e+06
   9.6670000e+03   3.7468617e+06
   9.6730000e+03   3.7521974e+06
   9.6790000e+03   3.7574790e+06
   9.6850000e+03   3.7627539e+06
   9.6910000e+03   3.7680464e+06
   9.6970000e+03   3.7733703e+06
   9.7030000e+03   3.7786525e+06
   9.7090000e+03   3.7839727e+06
   9.7150000e+03   3.7892917e+06
   9.7210000e+03   3.7946098e+06
   9.7270000e+03   3.7999187e+06
   9.7330000e+03   3.8052145e+06
   9.7390000e+03   3.8105352e+06
   9.7450000e+03   3.8158585e+06
   9.7510000e+03   3.8211897e+06
   9.7570000e+03   3.8265529e+06
   9.7630000e+03   3.8319054e+06
   9.7690000e+03   3.8372190e+06
   9.7750000e+03   3.8425301e+06
   9.7810000e+03   3.8478813e+06
   9.7870000e+03   3.8532223e+06
   9.7930000e+03   3.8585951e+06
   9.7990000e+03   3.8639627e+06
   9.8050000e+03   3.8693003e+06
   9.8110000e+03   3.8746232e+06
   9.8170000e+03   3.8800062e+06
   9.8230000e+03   3.8854009e+06
   9.8290000e+03   3.8907816e+06
   9.8350000e+03   3.8961667e+06
   9.8410000e+03   3.9015792e+06
   9.8470000e+03   3.9069730e+06
   9.8530000e+03   3.9123118e+06
   9.8590000e+03   3.9176977e+06
   9.8650000e+03   3.9230328e+06
   9.8710000e+03   3.9283940e+06
   9.8770000e+03   3.9337887e+06
   9.8830000e+03   3.9391736e+06
   9.8890000e+03   3.9445571e+06
   9.8950000e+03   3.9499290e+06
   9.9010000e+03   3.9553471e+06
   9.9070000e+03   3.9607608e+06
   9.9130000e+03   3.9661632e+06
   9.9190000e+03   3.9715595e+06
   9.9250000e+03   3.9769521e+06
   9.9310000e+03   3.9823353e+06
   9.9370000e+03   3.9877835e+06
   9.9430000e+03   3.9932434e+06
   9.9490000e+03   3.9986521e+06
   9.9550000e+03   4.0040447e+06
   9.9610000e+03   4.0095013e+06
   9.9670000e+03   4.0149407e+06
   9.9730000e+03   4.0203576e+06
   9.9790000e+03   4.0257682e+06
   9.9850000e+03   4.0312153e+06
   9.9910000e+03   4.0366635e+06
   9.9970000e+03   4.0421049e+06
   1.0003000e+04   4.0475231e+06
   1.0009000e+04   4.0529805e+06
   1.0015000e+04   4.0584350e+06
   1.0021000e+04   4.0638975e+06
   1.0027000e+04   4.0693546e+06
   1.0033000e+04   4.0748153e+06
   1.0039000e+04   4.0802631e+06
   1.0045000e+04   4.0856975e+06
   1.0051000e+04   4.0911561e+06
   1.0057000e+04   4.0965910e+06
   1.0063000e+04   4.1020807e+06
   1.0069000e+04   4.1076010e+06
   1.0075000e+04   4.1131349e+06
   1.0081000e+04   4.1185900e+06
   1.0087000e+04   4.1240210e+06
   1.0093000e+04   4.1294687e+06
   1.0099000e+04   4.1349449e+06
   1.0105000e+04   4.1404304e+06
   1.0111000e+04   4.1459261e+06
   1.0117000e+04   4.1513757e+06
   1.0123000e+04   4.1568680e+06
   1.0129000e+04   4.1623334e+06
   1.0135000e+04   4.1677640e+06
   1.0141000e+04   4.1731862e+06
   1.0147000e+04   4.1786455e+06
   1.0153000e+04   4.1841341e+06
   1.0159000e+04   4.1895911e+06
   1.0165000e+04   4.1950477e+06
   1.0171000e+04   4.2005116e+06
   1.0177000e+04   4.2059936e+06
   1.0183000e+04   4.2114759e+06
   1.0189000e+04   4.2169605e+06
   1.0195000e+04   4.2224575e+06
   1.0201000e+04   4.2279336e+06
   1.0207000e+04   4.2334134e+06
   1.0213000e+04   4.2389092e+06
   1.0219000e+04   4.2444128e+06
   1.0225000e+04   4.2499298e+06
   1.0231000e+04   4.2554301e+06
   1.0237000e+04   4.2609358e+06
   1.0243000e+04   4.2664164e+06
   1.0249000e+04   4.2719094e+06
   1.0255000e+04   4.2773868e+06
   1.0261000e+04   4.2828795e+06
   1.0267000e+04   4.2884220e+06
   1.0273000e+04   4.2939204e+06
   1.0279000e+04   4.2994326e+06
   1.0285000e+04   4.3049341e+06
   1.0291000e+04   4.3104194e+06
   1.0297000e+04   4.3159614e+06
   1.0303000e+04   4.3214967e+06
   1.0309000e+04   4.3270341e+06
   1.0315000e+04   4.3325219e+06
   1.0321000e+04   4.3380609e+06
   1.0327000e+04   4.3435936e+06
   1.0333000e+04   4.3491722e+06
   1.0339000e+04   4.3546830e+06
   1.0345000e+04   4.3602162e+06
   1.0351000e+04   4.3657333e+06
   1.0357000e+04   4.3712627e+06
   1.0363000e+04   4.3768016e+06
   1.0369000e+04   4.3823999e+06
   1.0375000e+04   4.3879673e+06
   1.0381000e+04   4.3935023e+06
   1.0387000e+04   4.3990339e+06
   1.0393000e+04   4.4045846e+06
   1.0399000e+04   4.4101060e+06
   1.0405000e+04   4.4156657e+06
   1.0411000e+04   4.4212022e+06
   1.0417000e+04   4.4267340e+06
   1.0423000e+04   4.4322766e+06
   1.0429000e+04   4.4378167e+06
   1.0435000e+04   4.4433620e+06
   1.0441000e+04   4.4489007e+06
   1.0447000e+04   4.4545018e+06
   1.0453000e+04   4.4600429e+06
   1.0459000e+04   4.4655917e+06
   1.0465000e+04   4.4711483e+06
   1.0471000e+04   4.4767184e+06
   1.0477000e+04   4.4822511e+06
   1.0483000e+04   4.4878378e+06
   1.0489000e+04   4.4934055e+06
   1.0495000e+04   4.4989362e+06
   1.0501000e+04   4.5045080e+06
   1.0507000e+04   4.5100491e+06
   1.0513000e+04   4.5156570e+06
   1.0519000e+04   4.5212402e+06
   1.0525000e+04   4.5268204e+06
   1.0531000e+04   4.5324410e+06
   1.0537000e+04   4.5380049e+06
   1.0543000e+04   4.5435422e+06
   1.0549000e+04   4.5490714e+06
   1.0555000e+04   4.5545925e+06
   1.0561000e+04   4.5600943e+06
   1.0567000e+04   4.5656247e+06
   1.0573000e+04   4.5711875e+06
   1.0579000e+04   4.5766691e+06
   1.0585000e+04   4.5822062e+06
   1.0591000e+04   4.5877688e+06
   1.0597000e+04   4.5933164e+06
   1.0603000e+04   4.5988606e+06
   1.0609000e+04   4.6044127e+06
   1.0615000e+04   4.6099602e+06
   1.0621000e+04   4.6155563e+06
   1.0627000e+04   4.6211245e+06
   1.0633000e+04   4.6266768e+06
   1.0639000e+04   4.6322437e+06
   1.0645000e+04   4.6377914e+06
   1.0651000e+04   4.6433507e+06
   1.0657000e+04   4.6488724e+06
   1.0663000e+04   4.6544381e+06
   1.0669000e+04   4.6599829e+06
   1.0675000e+04   4.6655499e+06
   1.0681000e+04   4.6711324e+06
   1.0687000e+04   4.6766940e+06
   1.0693000e+04   4.6822453e+06
   1.0699000e+04   4.6878446e+06
   1.0705000e+04   4.6934107e+06
   1.0711000e+04   4.6989670e+06
   1.0717000e+04   4.7045531e+06
   1.0723000e+04   4.7101334e+06
   1.0729000e+04   4.7157189e+06
   1.0735000e+04   4.7213248e+06
   1.0741000e+04   4.7268980e+06
   1.0747000e+04   4.7325158e+06
   1.0753000e+04   4.7380986e+06
   1.0759000e+04   4.7436935e+06
   1.0765000e+04   4.7493391e+06
   1.0771000e+04   4.7549111e+06
   1.0777000e+04   4.7604991e+06
   1.0783000e+04   4.7660643e+06
   1.0789000e+04   4.7716488e+06
   1.0795000e+04   4.7772077e+06
   1.0801000e+04   4.7827579e+06
   1.0807000e+04   4.7882853e+06
   1.0813000e+04   4.7938539e+06
   1.0819000e+04   4.7994531e+06
   1.0825000e+04   4.8050449e+06
   1.0831000e+04   4.8106299e+06
   1.0837000e+04   4.8162053e+06
   1.0843000e+04   4.8218142e+06
   1.0849000e+04   4.8273985e+06
   1.0855000e+04   4.8329599e+06
   1.0861000e+04   4.8385524e+06
   1.0867000e+04   4.8441533e+06
   1.0873000e+04   4.8497644e+06
   1.0879000e+04   4.8554094e+06
   1.0885000e+04   4.8610517e+06
   1.0891000e+04   4.8666707e+06
   1.0897000e+04   4.8722894e+06
   1.0903000e+04   4.8778827e+06
   1.0909000e+04   4.8834619e+06
   1.0915000e+04   4.8890555e+06
   1.0921000e+04   4.8947027e+06
   1.0927000e+04   4.9002928e+06
   1.0933000e+04   4.9058792e+06
   1.0939000e+04   4.9114910e+06
   1.0945000e+04   4.9171014e+06
   1.0951000e+04   4.9227298e+06
   1.0957000e+04   4.9283966e+06
   1.0963000e+04   4.9340198e+06
   1.0969000e+04   4.9397049e+06
   1.0975000e+04   4.9452976e+06
   1.0981000e+04   4.9508843e+06
   1.0987000e+04   4.9565137e+06
   1.0993000e+04   4.9621577e+06
   1.0999000e+04   4.9677579e+06
   1.1005000e+04   4.9734085e+06
   1.1011000e+04   4.9790283e+06
   1.1017000e+04   4.9846848e+06
   1.1023000e+04   4.9902852e+06
   1.1029000e+04   4.9958982e+06
   1.1035000e+04   5.0015415e+06
   1.1041000e+04   5.0072031e+06
   1.1047000e+04   5.0128668e+06
   1.1053000e+04   5.0186148e+06
   1.1059000e+04   5.0242388e+06
   1.1065000e+04   5.0298909e+06
   1.1071000e+04   5.0354761e+06
   1.1077000e+04   5.0410897e+06
   1.1083000e+04   5.0467265e+06
   1.1089000e+04   5.0523862e+06
   1.1095000e+04   5.0580287e+06
   1.1101000e+04   5.0636511e+06
   1.1107000e+04   5.0692784e+06
   1.1113000e+04   5.0749562e+06
   1.1119000e+04   5.0806064e+06
   1.1125000e+04   5.0862271e+06
   1.1131000e+04   5.0918774e+06
   1.1137000e+04   5.0975243e+06
   1.1143000e+04   5.1031994e+06
   1.1149000e+04   5.1088281e+06
   1.1155000e+04   5.1145104e+06
   1.1161000e+04   5.1200989e+06
   1.1167000e+04   5.1257211e+06
   1.1173000e+04   5.1313573e+06
   1.1179000e+04   5.1370582e+06
   1.1185000e+04   5.1427337e+06
   1.1191000e+04   5.1483933e+06
   1.1197000e+04   5.1541270e+06
   1.1203000e+04   5.1598980e+06
   1.1209000e+04   5.1656479e+06
   1.1215000e+04   5.1713296e+06
   1.1221000e+04   5.1769681e+06
   1.1227000e+04   5.1827276e+06
   1.1233000e+04   5.1884435e+06
   1.1239000e+04   5.1941045e+06
   1.1245000e+04   5.1997371e+06
   1.1251000e+04   5.2053417e+06
   1.1257000e+04   5.2109944e+06
   1.1263000e+04   5.2166194e+06
   1.1269000e+04   5.2223039e+06
   1.1275000e+04   5.2278994e+06
   1.1281000e+04   5.2335439e+06
   1.1287000e+04   5.2392244e+06
   1.1293000e+04   5.2448914e+06
   1.1299000e+04   5.2505248e+06
   1.1305000e+04   5.2561086e+06
   1.1311000e+04   5.2617233e+06
   1.1317000e+04   5.2673668e+06
   1.1323000e+04   5.2729570e+06
   1.1329000e+04   5.2785464e+06
   1.1335000e+04   5.2841921e+06
   1.1341000e+04   5.2898388e+06
   1.1347000e+04   5.2955153e+06
   1.1353000e+04   5.3011404e+06
   1.1359000e+04   5.3067945e+06
   1.1365000e+04   5.3124626e+06
   1.1371000e+04   5.3180949e+06
   1.1377000e+04   5.3237371e+06
   1.1383000e+04   5.3293836e+06
   1.1389000e+04   5.3351031e+06
   1.1395000e+04   5.3407315e+06
   1.1401000e+04   5.3463671e+06
   1.1407000e+04   5.3519904e+06
   1.1413000e+04   5.3575748e+06
   1.1419000e+04   5.3631679e+06
   1.1425000e+04   5.3688443e+06
   1.1431000e+04   5.3744299e+06
   1.1437000e+04   5.3800379e+06
   1.1443000e+04   5.3856170e+06
   1.1449000e+04   5.3912556e+06
   1.1455000e+04   5.3968715e+06
   1.1461000e+04   5.4024487e+06
   1.1467000e+04   5.4080347e+06
   1.1473000e+04   5.4136364e+06
   1.1479000e+04   5.4192500e+06
   1.1485000e+04   5.4249036e+06
   1.1491000e+04   5.4305389e+06
   1.1497000e+04   5.4361781e+06
   1.1503000e+04   5.4418114e+06
   1.1509000e+04   5.4474340e+06
   1.1515000e+04   5.4530668e+06
   1.1521000e+04   5.4587650e+06
   1.1527000e+04   5.4644093e+06
   1.1533000e+04   5.4700188e+06
   1.1539000e+04   5.4756060e+06
   1.1545000e+04   5.4812176e+06
   1.1551000e+04   5.4867835e+06
   1.1557000e+04   5.4923925e+06
   1.1563000e+04   5.4980286e+06
   1.1569000e+04   5.5036196e+06
   1.1575000e+04   5.5092745e+06
   1.1581000e+04   5.5149022e+06
   1.1587000e+04   5.5205252e+06
   1.1593000e+04   5.5261579e+06
   1.1599000e+04   5.5317990e+06
   1.1605000e+04   5.5374926e+06
   1.1611000e+04   5.5431364e+06
   1.1617000e+04   5.5487345e+06
   1.1623000e+04   5.5544108e+06
   1.1629000e+04   5.5600418e+06
   1.1635000e+04   5.5657016e+06
   1.1641000e+04   5.5713294e+06
   1.1647000e+04   5.5769363e+06
   1.1653000e+04   5.5826455e+06
   1.1659000e+04   5.5882470e+06
   1.1665000e+04   5.5938605e+06
   1.1671000e+04   5.5994794e+06
   1.1677000e+04   5.6051066e+06
   1.1683000e+04   5.6108493e+06
   1.1689000e+04   5.6164651e+06
   1.1695000e+04   5.6220651e+06
   1.1701000e+04   5.6276811e+06
   1.1707000e+04   5.6333712e+06
   1.1713000e+04   5.6390406e+06
   1.1719000e+04   5.6446528e+06
   1.1725000e+04   5.6502571e+06
   1.1731000e+04   5.6559100e+06
   1.1737000e+04   5.6615298e+06
   1.1743000e+04   5.6672045e+06
   1.1749000e+04   5.6728988e+06
   1.1755000e+04   5.6785566e+06
   1.1761000e+04   5.6842007e+06
   1.1767000e+04   5.6898240e+06
   1.1773000e+04   5.6954347e+06
   1.1779000e+04   5.7010332e+06
   1.1785000e+04   5.7066340e+06
   1.1791000e+04   5.7122438e+06
   1.1797000e+04   5.7178337e+06
   1.1803000e+04   5.7234510e+06
   1.1809000e+04   5.7291093e+06
   1.1815000e+04   5.7347055e+06
   1.1821000e+04   5.7403560e+06
   1.1827000e+04   5.7459782e+06
   1.1833000e+04   5.7516727e+06
   1.1839000e+04   5.7572557e+06
   1.1845000e+04   5.7628258e+06
   1.1851000e+04   5.7684077e+06
   1.1857000e+04   5.7739944e+06
   1.1863000e+04   5.7795880e+06
   1.1869000e+04   5.7852546e+06
   1.1875000e+04   5.7909025e+06
   1.1881000e+04   5.7964997e+06
   1.1887000e+04   5.8020823e+06
   1.1893000e+04   5.8076922e+06
   1.1899000e+04   5.8132906e+06
   1.1905000e+04   5.8188631e+06
   1.1911000e+04   5.8244052e+06
   1.1917000e+04   5.8299936e+06
   1.1923000e+04   5.8355995e+06
   1.1929000e+04   5.8411801e+06
   1.1935000e+04   5.8467823e+06
   1.1941000e+04   5.8523777e+06
   1.1947000e+04   5.8579779e+06
   1.1953000e+04   5.8636068e+06
   1.1959000e+04   5.8692265e+06
   1.1965000e+04   5.8748483e+06
   1.1971000e+04   5.8805024e+06
   1.1977000e+04   5.8861905e+06
   1.1983000e+04   5.8918296e+06
   1.1989000e+04   5.8974244e+06
   1.1995000e+04   5.9030548e+06
   1.2001000e+04   5.9087439e+06
   1.2007000e+04   5.9143320e+06
   1.2013000e+04   5.9199258e+06
   1.2019000e+04   5.9254673e+06
   1.2025000e+04   5.9310239e+06
   1.2031000e+04   5.9365707e+06
   1.2037000e+04   5.9421277e+06
   1.2043000e+04   5.9477482e+06
   1.2049000e+04   5.9533980e+06
   1.2055000e+04   5.9590213e+06
   1.2061000e+04   5.9645697e+06
   1.2067000e+04   5.9702252e+06
   1.2073000e+04   5.9757949e+06
   1.2079000e+04   5.9813596e+06
   1.2085000e+04   5.9869608e+06
   1.2091000e+04   5.9925404e+06
   1.2097000e+04   5.9981235e+06
   1.2103000e+04   6.0037400e+06
   1.2109000e+04   6.0093486e+06
   1.2115000e+04   6.0149359e+06
   1.2121000e+04   6.0204991e+06
   1.2127000e+04   6.0261002e+06
   1.2133000e+04   6.0316449e+06
   1.2139000e+04   6.0372671e+06
   1.2145000e+04   6.0428376e+06
   1.2151000e+04   6.0483861e+06
   1.2157000e+04   6.0539619e+06
   1.2163000e+04   6.0595248e+06
   1.2169000e+04   6.0650452e+06
   1.2175000e+04   6.0705886e+06
   1.2181000e+04   6.0761470e+06
   1.2187000e+04   6.0816668e+06
   1.2193000e+04   6.0872360e+06
   1.2199000e+04   6.0927787e+06
   1.2205000e+04   6.0983228e+06
   1.2211000e+04   6.1038836e+06
   1.2217000e+04   6.1094594e+06
   1.2223000e+04   6.1150116e+06
   1.2229000e+04   6.1205261e+06
   1.2235000e+04   6.1260785e+06
   1.2241000e+04   6.1316159e+06
   1.2247000e+04   6.1371903e+06
   1.2253000e+04   6.1427395e+06
   1.2259000e+04   6.1483084e+06
   1.2265000e+04   6.1539001e+06
   1.2271000e+04   6.1594532e+06
   1.2277000e+04   6.1649302e+06
   1.2283000e+04   6.1704401e+06
   1.2289000e+04   6.1759388e+06
   1.2295000e+04   6.1814324e+06
   1.2301000e+04   6.1869557e+06
   1.2307000e+04   6.1924717e+06
   1.2313000e+04   6.1979597e+06
   1.2319000e+04   6.2035195e+06
   1.2325000e+04   6.2090564e+06
   1.2331000e+04   6.2145689e+06
   1.2337000e+04   6.2200696e+06
   1.2343000e+04   6.2255417e+06
   1.2349000e+04   6.2310552e+06
   1.2355000e+04   6.2365484e+06
   1.2361000e+04   6.2420466e+06
   1.2367000e+04   6.2475235e+06
   1.2373000e+04   6.2530500e+06
   1.2379000e+04   6.2585434e+06
   1.2385000e+04   6.2640283e+06
   1.2391000e+04   6.2695070e+06
   1.2397000e+04   6.2750260e+06
   1.2403000e+04   6.2805112e+06
   1.2409000e+04   6.2860068e+06
   1.2415000e+04   6.2914619e+06
   1.2421000e+04   6.2969559e+06
   1.2427000e+04   6.3024563e+06
   1.2433000e+04   6.3079629e+06
   1.2439000e+04   6.3134516e+06
   1.2445000e+04   6.3189576e+06
   1.2451000e+04   6.3244512e+06
   1.2457000e+04   6.3299337e+06
   1.2463000e+04   6.3354599e+06
   1.2469000e+04   6.3409119e+06
   1.2475000e+04   6.3464056e+06
   1.2481000e+04   6.3518937e+06
   1.2487000e+04   6.3573706e+06
   1.2493000e+04   6.3628472e+06
   1.2499000e+04   6.3683909e+06
   1.2505000e+04   6.3739120e+06
   1.2511000e+04   6.3793743e+06
   1.2517000e+04   6.3848991e+06
   1.2523000e+04   6.3903765e+06
   1.2529000e+04   6.3958635e+06
   1.2535000e+04   6.4012909e+06
   1.2541000e+04   6.4067233e+06
   1.2547000e+04   6.4121817e+06
   1.2553000e+04   6.4176570e+06
   1.2559000e+04   6.4231344e+06
   1.2565000e+04   6.4285949e+06
   1.2571000e+04   6.4340446e+06
   1.2577000e+04   6.4394716e+06
   1.2583000e+04   6.4449111e+06
   1.2589000e+04   6.4503800e+06
   1.2595000e+04   6.4558631e+06
   1.2601000e+04   6.4613090e+06
   1.2607000e+04   6.4667380e+06
   1.2613000e+04   6.4721787e+06
   1.2619000e+04   6.4776578e+06
   1.2625000e+04   6.4831060e+06
   1.2631000e+04   6.4885501e+06
   1.2637000e+04   6.4939777e+06
   1.2643000e+04   6.4993833e+06
   1.2649000e+04   6.5048165e+06
   1.2655000e+04   6.5102354e+06
   1.2661000e+04   6.5156474e+06
   1.2667000e+04   6.5210617e+06
   1.2673000e+04   6.5264977e+06
   1.2679000e+04   6.5319277e+06
   1.2685000e+04   6.5373257e+06
   1.2691000e+04   6.5427884e+06
   1.2697000e+04   6.5482055e+06
   1.2703000e+04   6.5536942e+06
   1.2709000e+04   6.5590878e+06
   1.2715000e+04   6.5644876e+06
   1.2721000e+04   6.5698891e+06
   1.2727000e+04   6.5752976e+06
   1.2733000e+04   6.5806560e+06
   1.2739000e+04   6.5860553e+06
   1.2745000e+04   6.5914573e+06
   1.2751000e+04   6.5968710e+06
   1.2757000e+04   6.6022598e+06
   1.2763000e+04   6.6076144e+06
   1.2769000e+04   6.6129742e+06
   1.2775000e+04   6.6183107e+06
   1.2781000e+04   6.6237108e+06
   1.2787000e+04   6.6290830e+06
   1.2793000e+04   6.6344418e+06
   1.2799000e+04   6.6397775e+06
   1.2805000e+04   6.6451338e+06
   1.2811000e+04   6.6505219e+06
   1.2817000e+04   6.6558669e+06
   1.2823000e+04   6.6612273e+06
   1.2829000e+04   6.6666295e+06
   1.2835000e+04   6.6720731e+06
   1.2841000e+04   6.6774321e+06
   1.2847000e+04   6.6827618e+06
   1.2853000e+04   6.6881185e+06
   1.2859000e+04   6.6934910e+06
   1.2865000e+04   6.6988425e+06
   1.2871000e+04   6.7041636e+06
   1.2877000e+04   6.7095006e+06
   1.2883000e+04   6.7148555e+06
   1.2889000e+04   6.7202175e+06
   1.2895000e+04   6.7255929e+06
   1.2901000e+04   6.7309680e+06
   1.2907000e+04   6.7362808e+06
   1.2913000e+04   6.7416088e+06
   1.2919000e+04   6.7469283e+06
   1.2925000e+04   6.7522849e+06
   1.2931000e+04   6.7576003e+06
   1.2937000e+04   6.7629375e+06
   1.2943000e+04   6.7682096e+06
   1.2949000e+04   6.7734897e+06
   1.2955000e+04   6.7787845e+06
   1.2961000e+04   6.7840578e+06
   1.2967000e+04   6.7893439e+06
   1.2973000e+04   6.7946889e+06
   1.2979000e+04   6.8000265e+06
   1.2985000e+04   6.8053028e+06
   1.2991000e+04   6.8105975e+06
   1.2997000e+04   6.8158764e+06
   1.3003000e+04   6.8211968e+06
   1.3009000e+04   6.8264561e+06
   1.3015000e+04   6.8317756e+06
   1.3021000e+04   6.8370937e+06
   1.3027000e+04   6.8423391e+06
   1.3033000e+04   6.8475858e+06
   1.3039000e+04   6.8528402e+06
   1.3045000e+04   6.8580974e+06
   1.3051000e+04   6.8633551e+06
   1.3057000e+04   6.8686054e+06
   1.3063000e+04   6.8738740e+06
   1.3069000e+04   6.8791644e+06
   1.3075000e+04   6.8844424e+06
   1.3081000e+04   6.8896947e+06
   1.3087000e+04   6.8949502e+06
   1.3093000e+04   6.9002511e+06
   1.3099000e+04   6.9055085e+06
   1.3105000e+04   6.9107504e+06
   1.3111000e+04   6.9159946e+06
   1.3117000e+04   6.9212289e+06
   1.3123000e+04   6.9264671e+06
   1.3129000e+04   6.9316841e+06
   1.3135000e+04   6.9368911e+06
   1.3141000e+04   6.9420948e+06
   1.3147000e+04   6.9472905e+06
   1.3153000e+04   6.9524736e+06
   1.3159000e+04   6.9576426e+06
   1.3165000e+04   6.9628460e+06
   1.3171000e+04   6.9680621e+06
   1.3177000e+04   6.9732592e+06
   1.3183000e+04   6.9784219e+06
   1.3189000e+04   6.9836453e+06
   1.3195000e+04   6.9888588e+06
   1.3201000e+04   6.9940659e+06
   1.3207000e+04   6.9992669e+06
   1.3213000e+04   7.0044844e+06
   1.3219000e+04   7.0096631e+06
   1.3225000e+04   7.0148184e+06
   1.3231000e+04   7.0199586e+06
   1.3237000e+04   7.0251020e+06
   1.3243000e+04   7.0302358e+06
   1.3249000e+04   7.0353898e+06
   1.3255000e+04   7.0405300e+06
   1.3261000e+04   7.0456696e+06
   1.3267000e+04   7.0507846e+06
   1.3273000e+04   7.0559021e+06
   1.3279000e+04   7.0610637e+06
   1.3285000e+04   7.0661898e+06
   1.3291000e+04   7.0712986e+06
   1.3297000e+04   7.0764075e+06
   1.3303000e+04   7.0815320e+06
   1.3309000e+04   7.0866123e+06
   1.3315000e+04   7.0917253e+06
   1.3321000e+04   7.0967996e+06
   1.3327000e+04   7.1018720e+06
   1.3333000e+04   7.1069623e+06
   1.3339000e+04   7.1120552e+06
   1.3345000e+04   7.1171134e+06
   1.3351000e+04   7.1221849e+06
   1.3357000e+04   7.1272299e+06
   1.3363000e+04   7.1322761e+06
   1.3369000e+04   7.1373665e+06
   1.3375000e+04   7.1424255e+06
   1.3381000e+04   7.1475053e+06
   1.3387000e+04   7.1525565e+06
   1.3393000e+04   7.1576145e+06
   1.3399000e+04   7.1626528e+06
   1.3405000e+04   7.1676861e+06
   1.3411000e+04   7.1727531e+06
   1.3417000e+04   7.1777896e+06
   1.3423000e+04   7.1827932e+06
   1.3429000e+04   7.1878203e+06
   1.3435000e+04   7.1929042e+06
   1.3441000e+04   7.1979064e+06
   1.3447000e+04   7.2028980e+06
   1.3453000e+04   7.2079040e+06
   1.3459000e+04   7.2128989e+06
   1.3465000e+04   7.2179112e+06
   1.3471000e+04   7.2228892e+06
   1.3477000e+04   7.2278704e+06
   1.3483000e+04   7.2328765e+06
   1.3489000e+04   7.2378395e+06
   1.3495000e+04   7.2428011e+06
   1.3501000e+04   7.2477381e+06
   1.3507000e+04   7.2526948e+06
   1.3513000e+04   7.2576789e+06
   1.3519000e+04   7.2626369e+06
   1.3525000e+04   7.2675629e+06
   1.3531000e+04   7.2725099e+06
   1.3537000e+04   7.2774929e+06
   1.3543000e+04   7.2824152e+06
   1.3549000e+04   7.2873418e+06
   1.3555000e+04   7.2922921e+06
   1.3561000e+04   7.2972298e+06
   1.3567000e+04   7.3021872e+06
   1.3573000e+04   7.3071291e+06
   1.3579000e+04   7.3120691e+06
   1.3585000e+04   7.3169585e+06
   1.3591000e+04   7.3218411e+06
   1.3597000e+04   7.3267129e+06
   1.3603000e+04   7.3316014e+06
   1.3609000e+04   7.3365067e+06
   1.3615000e+04   7.3414126e+06
   1.3621000e+04   7.3462832e+06
   1.3627000e+04   7.3511760e+06
   1.3633000e+04   7.3560478e+06
   1.3639000e+04   7.3609167e+06
   1.3645000e+04   7.3657577e+06
   1.3651000e+04   7.3706437e+06
   1.3657000e+04   7.3755062e+06
   1.3663000e+04   7.3803785e+06
   1.3669000e+04   7.3852674e+06
   1.3675000e+04   7.3901452e+06
   1.3681000e+04   7.3949856e+06
   1.3687000e+04   7.3998416e+06
   1.3693000e+04   7.4046546e+06
   1.3699000e+04   7.4094635e+06
   1.3705000e+04   7.4143157e+06
   1.3711000e+04   7.4191146e+06
   1.3717000e+04   7.4239233e+06
   1.3723000e+04   7.4287835e+06
   1.3729000e+04   7.4336126e+06
   1.3735000e+04   7.4383955e+06
   1.3741000e+04   7.4431995e+06
   1.3747000e+04   7.4480218e+06
   1.3753000e+04   7.4528000e+06
   1.3759000e+04   7.4576009e+06
   1.3765000e+04   7.4623746e+06
   1.3771000e+04   7.4671648e+06
   1.3777000e+04   7.4719203e+06
   1.3783000e+04   7.4766839e+06
   1.3789000e+04   7.4814611e+06
   1.3795000e+04   7.4862139e+06
   1.3801000e+04   7.4909530e+06
   1.3807000e+04   7.4957125e+06
   1.3813000e+04   7.5004649e+06
   1.3819000e+04   7.5051617e+06
   1.3825000e+04   7.5098837e+06
   1.3831000e+04   7.5146137e+06
   1.3837000e+04   7.5193316e+06
   1.3843000e+04   7.5240390e+06
   1.3849000e+04   7.5287592e+06
   1.3855000e+04   7.5334452e+06
   1.3861000e+04   7.5381227e+06
   1.3867000e+04   7.5428271e+06
   1.3873000e+04   7.5475403e+06
   1.3879000e+04   7.5522344e+06
   1.3885000e+04   7.5569083e+06
   1.3891000e+04   7.5615928e+06
   1.3897000e+04   7.5662584e+06
   1.3903000e+04   7.5708891e+06
   1.3909000e+04   7.5755222e+06
   1.3915000e+04   7.5801753e+06
   1.3921000e+04   7.5848415e+06
   1.3927000e+04   7.5894780e+06
   1.3933000e+04   7.5941145e+06
   1.3939000e+04   7.5987887e+06
   1.3945000e+04   7.6034239e+06
   1.3951000e+04   7.6080628e+06
   1.3957000e+04   7.6126994e+06
   1.3963000e+04   7.6173227e+06
   1.3969000e+04   7.6219306e+06
   1.3975000e+04   7.6265389e+06
   1.3981000e+04   7.6311265e+06
   1.3987000e+04   7.6356929e+06
   1.3993000e+04   7.6402617e+06
   1.3999000e+04   7.6448603e+06
   1.4005000e+04   7.6494512e+06
   1.4011000e+04   7.6540208e+06
   1.4017000e+04   7.6586028e+06
   1.4023000e+04   7.6631760e+06
   1.4029000e+04   7.6677522e+06
   1.4035000e+04   7.6722864e+06
   1.4041000e+04   7.6768350e+06
   1.4047000e+04   7.6813930e+06
   1.4053000e+04   7.6859498e+06
   1.4059000e+04   7.6905034e+06
   1.4065000e+04   7.6950399e+06
   1.4071000e+04   7.6995731e+06
   1.4077000e+04   7.7041196e+06
   1.4083000e+04   7.7086781e+06
   1.4089000e+04   7.7131983e+06
   1.4095000e+04   7.7177135e+06
   1.4101000e+04   7.7221891e+06
   1.4107000e+04   7.7267016e+06
   1.4113000e+04   7.7311990e+06
   1.4119000e+04   7.7357002e+06
   1.4125000e+04   7.7401669e+06
   1.4131000e+04   7.7446608e+06
   1.4137000e+04   7.7491102e+06
   1.4143000e+04   7.7535551e+06
   1.4149000e+04   7.7579981e+06
   1.4155000e+04   7.7624440e+06
   1.4161000e+04   7.7669057e+06
   1.4167000e+04   7.7713485e+06
   1.4173000e+04   7.7757917e+06
   1.4179000e+04   7.7802494e+06
   1.4185000e+04   7.7846637e+06
   1.4191000e+04   7.7890581e+06
   1.4197000e+04   7.7934430e+06
   1.4203000e+04   7.7978586e+06
   1.4209000e+04   7.8022704e+06
   1.4215000e+04   7.8066533e+06
   1.4221000e+04   7.8110127e+06
   1.4227000e+04   7.8154018e+06
   1.4233000e+04   7.8197734e+06
   1.4239000e+04   7.8241267e+06
   1.4245000e+04   7.8284907e+06
   1.4251000e+04   7.8328611e+06
   1.4257000e+04   7.8372100e+06
   1.4263000e+04   7.8415376e+06
   1.4269000e+04   7.8458802e+06
   1.4275000e+04   7.8502234e+06
   1.4281000e+04   7.8545540e+06
   1.4287000e+04   7.8588545e+06
   1.4293000e+04   7.8631510e+06
   1.4299000e+04   7.8674778e+06
   1.4305000e+04   7.8717988e+06
   1.4311000e+04   7.8761189e+06
   1.4317000e+04   7.8804234e+06
   1.4323000e+04   7.8847006e+06
   1.4329000e+04   7.8889798e+06
   1.4335000e+04   7.8932415e+06
   1.4341000e+04   7.8974814e+06
   1.4347000e+04   7.9017779e+06
   1.4353000e+04   7.9060202e+06
   1.4359000e+04   7.9102509e+06
   1.4365000e+04   7.9144735e+06
   1.4371000e+04   7.9187198e+06
   1.4377000e+04   7.9229548e+06
   1.4383000e+04   7.9271835e+06
   1.4389000e+04   7.9313972e+06
   1.4395000e+04   7.9355999e+06
   1.4401000e+04   7.9397952e+06
   1.4407000e+04   7.9439914e+06
   1.4413000e+04   7.9481896e+06
   1.4419000e+04   7.9523886e+06
   1.4425000e+04   7.9565434e+06
   1.4431000e+04   7.9606960e+06
   1.4437000e+04   7.9648508e+06
   1.4443000e+04   7.9690197e+06
   1.4449000e+04   7.9731768e+06
   1.4455000e+04   7.9773042e+06
   1.4461000e+04   7.9814468e+06
   1.4467000e+04   7.9855937e+06
   1.4473000e+04   7.9897296e+06
   1.4479000e+04   7.9938411e+06
   1.4485000e+04   7.9979469e+06
   1.4491000e+04   8.0020704e+06
   1.4497000e+04   8.0061914e+06
   1.4503000e+04   8.0102680e+06
   1.4509000e+04   8.0143224e+06
   1.4515000e+04   8.0183800e+06
   1.4521000e+04   8.0224432e+06
   1.4527000e+04   8.0265554e+06
   1.4533000e+04   8.0306331e+06
   1.4539000e+04   8.0346451e+06
   1.4545000e+04   8.0386584e+06
   1.4551000e+04   8.0426749e+06
   1.4557000e+04   8.0466671e+06
   1.4563000e+04   8.0506585e+06
   1.4569000e+04   8.0546438e+06
   1.4575000e+04   8.0586264e+06
   1.4581000e+04   8.0626128e+06
   1.4587000e+04   8.0665665e+06
   1.4593000e+04   8.0705207e+06
   1.4599000e+04   8.0744779e+06
   1.4605000e+04   8.0784195e+06
   1.4611000e+04   8.0823454e+06
   1.4617000e+04   8.0862622e+06
   1.4623000e+04   8.0901883e+06
   1.4629000e+04   8.0941239e+06
   1.4635000e+04   8.0980443e+06
   1.4641000e+04   8.1019337e+06
   1.4647000e+04   8.1058280e+06
   1.4653000e+04   8.1097034e+06
   1.4659000e+04   8.1135704e+06
   1.4665000e+04   8.1174379e+06
   1.4671000e+04   8.1213039e+06
   1.4677000e+04   8.1251519e+06
   1.4683000e+04   8.1290050e+06
   1.4689000e+04   8.1328473e+06
   1.4695000e+04   8.1367004e+06
   1.4701000e+04   8.1405397e+06
   1.4707000e+04   8.1443875e+06
   1.4713000e+04   8.1482066e+06
   1.4719000e+04   8.1518275e+06
   1.4725000e+04   8.1553795e+06
   1.4731000e+04   8.1589260e+06
   1.4737000e+04   8.1624749e+06
   1.4743000e+04   8.1660174e+06
   1.4749000e+04   8.1695615e+06
   1.4755000e+04   8.1731015e+06
   1.4761000e+04   8.1766389e+06
   1.4767000e+04   8.1801659e+06
   1.4773000e+04   8.1836882e+06
   1.4779000e+04   8.1872121e+06
   1.4785000e+04   8.1907333e+06
   1.4791000e+04   8.1942482e+06
   1.4797000e+04   8.1977692e+06
   1.4803000e+04   8.2012895e+06
   1.4809000e+04   8.2047952e+06
   1.4815000e+04   8.2082954e+06
   1.4821000e+04   8.2117978e+06
   1.4827000e+04   8.2153011e+06
   1.4833000e+04   8.2188065e+06
   1.4839000e+04   8.2222987e+06
   1.4845000e+04   8.2257891e+06
   1.4851000e+04   8.2292744e+06
   1.4857000e+04   8.2327592e+06
   1.4863000e+04   8.2362370e+06
   1.4869000e+04   8.2397063e+06
   1.4875000e+04   8.2431749e+06
   1.4881000e+04   8.2466447e+06
   1.4887000e+04   8.2501014e+06
   1.4893000e+04   8.2535587e+06
   1.4899000e+04   8.2570088e+06
   1.4905000e+04   8.2604561e+06
   1.4911000e+04   8.2639017e+06
   1.4917000e+04   8.2673457e+06
   1.4923000e+04   8.2707900e+06
   1.4929000e+04   8.2742264e+06
   1.4935000e+04   8.2776636e+06
   1.4941000e+04   8.2810954e+06
   1.4947000e+04   8.2845201e+06
   1.4953000e+04   8.2879408e+06
   1.4959000e+04   8.2913859e+06
   1.4965000e+04   8.2947980e+06
   1.4971000e+04   8.2981963e+06
   1.4977000e+04   8.3015878e+06
   1.4983000e+04   8.3049561e+06
   1.4989000e+04   8.3083111e+06
   1.4995000e+04   8.3116512e+06
