   1.0000000e+00   3.7934000e-02
   2.0000000e+00   3.8163000e-02
   3.0000000e+00   3.8375000e-02
   4.0000000e+00   3.8574000e-02
   5.0000000e+00   3.8776000e-02
   6.0000000e+00   3.8985000e-02
   7.0000000e+00   3.9198000e-02
   8.0000000e+00   3.9412000e-02
   9.0000000e+00   3.9625000e-02
   1.0000000e+01   3.9850000e-02
   1.1000000e+01   4.0079000e-02
   1.2000000e+01   4.0312000e-02
   1.3000000e+01   4.0548000e-02
   1.4000000e+01   4.0811000e-02
   1.5000000e+01   4.1056000e-02
   1.6000000e+01   4.1307000e-02
   1.7000000e+01   4.1562000e-02
   1.8000000e+01   4.1820000e-02
   1.9000000e+01   4.2084000e-02
   2.0000000e+01   4.2377000e-02
   2.1000000e+01   4.2649000e-02
   2.2000000e+01   4.2927000e-02
   2.3000000e+01   4.3208000e-02
   2.4000000e+01   4.3491000e-02
   2.5000000e+01   4.3897000e-02
   2.6000000e+01   4.4295000e-02
   2.7000000e+01   4.4692000e-02
   2.8000000e+01   4.5094000e-02
   2.9000000e+01   4.5519000e-02
   3.0000000e+01   4.5930000e-02
   3.1000000e+01   4.6348000e-02
   3.2000000e+01   4.6760000e-02
   3.3000000e+01   4.7177000e-02
   3.4000000e+01   4.7602000e-02
   3.5000000e+01   4.8127000e-02
   3.6000000e+01   4.8562000e-02
   3.7000000e+01   4.8998000e-02
   3.8000000e+01   4.9439000e-02
   3.9000000e+01   5.0033000e-02
   4.0000000e+01   5.0623000e-02
   4.1000000e+01   5.1206000e-02
   4.2000000e+01   5.1796000e-02
   4.3000000e+01   5.2491000e-02
   4.4000000e+01   5.3083000e-02
   4.5000000e+01   5.3684000e-02
   4.6000000e+01   5.4304000e-02
   4.7000000e+01   5.4946000e-02
   4.8000000e+01   5.5564000e-02
   4.9000000e+01   5.6195000e-02
   5.0000000e+01   5.6832000e-02
   5.1000000e+01   5.7465000e-02
   5.2000000e+01   5.8112000e-02
   5.3000000e+01   5.8776000e-02
   5.4000000e+01   6.2400000e-02
   5.5000000e+01   6.2779000e-02
   5.6000000e+01   6.3158000e-02
   5.7000000e+01   6.5807000e-02
   5.8000000e+01   6.8231000e-02
   5.9000000e+01   6.8699000e-02
   6.0000000e+01   6.9156000e-02
   6.1000000e+01   6.9649000e-02
   6.2000000e+01   7.0111000e-02
   6.3000000e+01   7.0639000e-02
   6.4000000e+01   7.1146000e-02
   6.5000000e+01   7.1732000e-02
   6.6000000e+01   7.2225000e-02
   6.7000000e+01   7.2750000e-02
   6.8000000e+01   7.3244000e-02
   6.9000000e+01   7.3775000e-02
   7.0000000e+01   7.4276000e-02
   7.1000000e+01   7.4830000e-02
   7.2000000e+01   7.5356000e-02
   7.3000000e+01   7.5906000e-02
   7.4000000e+01   7.6398000e-02
   7.5000000e+01   7.6911000e-02
   7.6000000e+01   7.7446000e-02
   7.7000000e+01   7.8013000e-02
   7.8000000e+01   7.8554000e-02
   7.9000000e+01   7.9120000e-02
   8.0000000e+01   7.9648000e-02
   8.1000000e+01   8.0218000e-02
   8.2000000e+01   8.0815000e-02
   8.3000000e+01   8.1391000e-02
   8.4000000e+01   8.1939000e-02
   8.5000000e+01   8.2519000e-02
   8.6000000e+01   8.3586000e-02
   8.7000000e+01   8.4168000e-02
   8.8000000e+01   8.4721000e-02
   8.9000000e+01   8.5323000e-02
   9.0000000e+01   8.5884000e-02
   9.1000000e+01   8.6503000e-02
   9.2000000e+01   8.7064000e-02
   9.3000000e+01   8.7647000e-02
   9.4000000e+01   8.8234000e-02
   9.5000000e+01   8.8844000e-02
   9.6000000e+01   8.9428000e-02
   9.7000000e+01   9.0012000e-02
   9.8000000e+01   9.0615000e-02
   9.9000000e+01   9.1405000e-02
   1.0000000e+02   9.2227000e-02
   1.0100000e+02   9.3086000e-02
   1.0200000e+02   9.3872000e-02
   1.0300000e+02   9.4670000e-02
   1.0400000e+02   9.5462000e-02
   1.0500000e+02   9.6255000e-02
   1.0600000e+02   9.7047000e-02
   1.0700000e+02   9.7846000e-02
   1.0800000e+02   9.8643000e-02
   1.0900000e+02   9.9455000e-02
   1.1000000e+02   1.0026800e-01
   1.1100000e+02   1.0108200e-01
   1.1200000e+02   1.0188800e-01
   1.1300000e+02   1.0272500e-01
   1.1400000e+02   1.0354800e-01
   1.1500000e+02   1.0437800e-01
   1.1600000e+02   1.0520500e-01
   1.1700000e+02   1.0609000e-01
   1.1800000e+02   1.0693800e-01
   1.1900000e+02   1.0778400e-01
   1.2000000e+02   1.0862400e-01
   1.2100000e+02   1.0947800e-01
   1.2200000e+02   1.1033400e-01
   1.2300000e+02   1.1118900e-01
   1.2400000e+02   1.1204300e-01
   1.2500000e+02   1.1290500e-01
   1.2600000e+02   1.1376800e-01
   1.2700000e+02   1.1464900e-01
   1.2800000e+02   1.1552100e-01
   1.2900000e+02   1.1641100e-01
   1.3000000e+02   1.1729000e-01
   1.3100000e+02   1.1817300e-01
   1.3200000e+02   1.1906100e-01
   1.3300000e+02   1.1997200e-01
   1.3400000e+02   1.2091000e-01
   1.3500000e+02   1.2180600e-01
   1.3600000e+02   1.2270500e-01
   1.3700000e+02   1.2360900e-01
   1.3800000e+02   1.2450800e-01
   1.3900000e+02   1.2541700e-01
   1.4000000e+02   1.2633800e-01
   1.4100000e+02   1.2725700e-01
   1.4200000e+02   1.2816100e-01
   1.4300000e+02   1.2908400e-01
   1.4400000e+02   1.2999700e-01
   1.4500000e+02   1.3100500e-01
   1.4600000e+02   1.3193200e-01
   1.4700000e+02   1.3286800e-01
   1.4800000e+02   1.3379800e-01
   1.4900000e+02   1.3474700e-01
   1.5000000e+02   1.3569200e-01
   1.5100000e+02   1.3663000e-01
   1.5200000e+02   1.3756800e-01
   1.5300000e+02   1.3853600e-01
   1.5400000e+02   1.3948900e-01
   1.5500000e+02   1.4045000e-01
   1.5600000e+02   1.4140600e-01
   1.5700000e+02   1.4212200e-01
   1.5800000e+02   1.4307100e-01
   1.5900000e+02   1.4396900e-01
   1.6000000e+02   1.4485700e-01
   1.6100000e+02   1.4575300e-01
   1.6200000e+02   1.4665600e-01
   1.6300000e+02   1.4755600e-01
   1.6400000e+02   1.4851100e-01
   1.6500000e+02   1.4942700e-01
   1.6600000e+02   1.5036300e-01
   1.6700000e+02   1.5128100e-01
   1.6800000e+02   1.5219400e-01
   1.6900000e+02   1.5311100e-01
   1.7000000e+02   1.5402500e-01
   1.7100000e+02   1.5495100e-01
   1.7200000e+02   1.5588200e-01
   1.7300000e+02   1.5681400e-01
   1.7400000e+02   1.5794500e-01
   1.7500000e+02   1.5891900e-01
   1.7600000e+02   1.5985100e-01
   1.7700000e+02   1.6079400e-01
   1.7800000e+02   1.6174800e-01
   1.7900000e+02   1.6285800e-01
   1.8000000e+02   1.6382000e-01
   1.8100000e+02   1.6494000e-01
   1.8200000e+02   1.6596700e-01
   1.8300000e+02   1.6700100e-01
   1.8400000e+02   1.6802100e-01
   1.8500000e+02   1.6905200e-01
   1.8600000e+02   1.7008300e-01
   1.8700000e+02   1.7113000e-01
   1.8800000e+02   1.7216900e-01
   1.8900000e+02   1.7321200e-01
   1.9000000e+02   1.7425400e-01
   1.9100000e+02   1.7552800e-01
   1.9200000e+02   1.7658900e-01
   1.9300000e+02   1.7764400e-01
   1.9400000e+02   1.7855300e-01
   1.9500000e+02   1.7946200e-01
   1.9600000e+02   1.8032400e-01
   1.9700000e+02   1.8139400e-01
   1.9800000e+02   1.8246500e-01
   1.9900000e+02   1.8353700e-01
   2.0000000e+02   1.8461900e-01
   2.0100000e+02   1.8573400e-01
   2.0200000e+02   1.8685000e-01
   2.0300000e+02   1.8795400e-01
   2.0400000e+02   1.8903000e-01
   2.0500000e+02   1.9011500e-01
   2.0600000e+02   1.9121900e-01
   2.0700000e+02   1.9232800e-01
   2.0800000e+02   1.9341200e-01
   2.0900000e+02   1.9451000e-01
   2.1000000e+02   1.9561900e-01
   2.1100000e+02   1.9678400e-01
   2.1200000e+02   1.9788200e-01
   2.1300000e+02   1.9900100e-01
   2.1400000e+02   2.0012000e-01
   2.1500000e+02   2.0124600e-01
   2.1600000e+02   2.0236700e-01
   2.1700000e+02   2.0348700e-01
   2.1800000e+02   2.0459800e-01
   2.1900000e+02   2.0572600e-01
   2.2000000e+02   2.0686100e-01
   2.2100000e+02   2.0799000e-01
   2.2200000e+02   2.0911800e-01
   2.2300000e+02   2.1025700e-01
   2.2400000e+02   2.1110100e-01
   2.2500000e+02   2.1196400e-01
   2.2600000e+02   2.1273200e-01
   2.2700000e+02   2.1349000e-01
   2.2800000e+02   2.1425500e-01
   2.2900000e+02   2.1502000e-01
   2.3000000e+02   2.1581200e-01
   2.3100000e+02   2.1657700e-01
   2.3200000e+02   2.1733800e-01
   2.3300000e+02   2.1809700e-01
   2.3400000e+02   2.1885700e-01
   2.3500000e+02   2.1961500e-01
   2.3600000e+02   2.2037900e-01
   2.3700000e+02   2.2114700e-01
   2.3800000e+02   2.2191300e-01
   2.3900000e+02   2.2268800e-01
   2.4000000e+02   2.2345500e-01
   2.4100000e+02   2.2422500e-01
   2.4200000e+02   2.2500200e-01
   2.4300000e+02   2.2577700e-01
   2.4400000e+02   2.2655700e-01
   2.4500000e+02   2.2732700e-01
   2.4600000e+02   2.2810400e-01
   2.4700000e+02   2.2888300e-01
   2.4800000e+02   2.2967000e-01
   2.4900000e+02   2.3045400e-01
   2.5000000e+02   2.3123000e-01
   2.5100000e+02   2.3201700e-01
   2.5200000e+02   2.3279700e-01
   2.5300000e+02   2.3358900e-01
   2.5400000e+02   2.3439900e-01
   2.5500000e+02   2.3518600e-01
   2.5600000e+02   2.3596900e-01
   2.5700000e+02   2.3676100e-01
   2.5800000e+02   2.3755300e-01
   2.5900000e+02   2.3835800e-01
   2.6000000e+02   2.3915000e-01
   2.6100000e+02   2.3995000e-01
   2.6200000e+02   2.4077200e-01
   2.6300000e+02   2.4217200e-01
   2.6400000e+02   2.4300200e-01
   2.6500000e+02   2.4380900e-01
   2.6600000e+02   2.4462500e-01
   2.6700000e+02   2.4543500e-01
   2.6800000e+02   2.4623800e-01
   2.6900000e+02   2.4707200e-01
   2.7000000e+02   2.4788300e-01
   2.7100000e+02   2.4869800e-01
   2.7200000e+02   2.4951000e-01
   2.7300000e+02   2.5034000e-01
   2.7400000e+02   2.5115900e-01
   2.7500000e+02   2.5197900e-01
   2.7600000e+02   2.5280300e-01
   2.7700000e+02   2.5363200e-01
   2.7800000e+02   2.5446500e-01
   2.7900000e+02   2.5529800e-01
   2.8000000e+02   2.5612900e-01
   2.8100000e+02   2.5698100e-01
   2.8200000e+02   2.5782000e-01
   2.8300000e+02   2.5879900e-01
   2.8400000e+02   2.5970100e-01
   2.8500000e+02   2.6095800e-01
   2.8600000e+02   2.6195900e-01
   2.8700000e+02   2.6290500e-01
   2.8800000e+02   2.6383300e-01
   2.8900000e+02   2.6488500e-01
   2.9000000e+02   2.6586700e-01
   2.9100000e+02   2.6673100e-01
   2.9200000e+02   2.6757500e-01
   2.9300000e+02   2.6843100e-01
   2.9400000e+02   2.6930300e-01
   2.9500000e+02   2.7015500e-01
   2.9600000e+02   2.7101800e-01
   2.9700000e+02   2.7187400e-01
   2.9800000e+02   2.7272700e-01
   2.9900000e+02   2.7358700e-01
   3.0000000e+02   2.7447500e-01
   3.0100000e+02   2.7534500e-01
   3.0200000e+02   2.7620500e-01
   3.0300000e+02   2.7709600e-01
   3.0400000e+02   2.7794900e-01
   3.0500000e+02   2.7882500e-01
   3.0600000e+02   2.7971100e-01
   3.0700000e+02   2.8058000e-01
   3.0800000e+02   2.8144200e-01
   3.0900000e+02   2.8233400e-01
   3.1000000e+02   2.8322100e-01
   3.1100000e+02   2.8409100e-01
   3.1200000e+02   2.8495700e-01
   3.1300000e+02   2.8584000e-01
   3.1400000e+02   2.8676300e-01
   3.1500000e+02   2.8768200e-01
   3.1600000e+02   2.8859400e-01
   3.1700000e+02   2.8951100e-01
   3.1800000e+02   2.9044200e-01
   3.1900000e+02   2.9135000e-01
   3.2000000e+02   2.9227200e-01
   3.2100000e+02   2.9327200e-01
   3.2200000e+02   2.9430200e-01
   3.2300000e+02   2.9530300e-01
   3.2400000e+02   2.9628300e-01
   3.2500000e+02   2.9725900e-01
   3.2600000e+02   2.9824700e-01
   3.2700000e+02   2.9921800e-01
   3.2800000e+02   3.0019700e-01
   3.2900000e+02   3.0117000e-01
   3.3000000e+02   3.0215700e-01
   3.3100000e+02   3.0314000e-01
   3.3200000e+02   3.0412000e-01
   3.3300000e+02   3.0509900e-01
   3.3400000e+02   3.0609700e-01
   3.3500000e+02   3.0708600e-01
   3.3600000e+02   3.0819300e-01
   3.3700000e+02   3.0934300e-01
   3.3800000e+02   3.1046400e-01
   3.3900000e+02   3.1158600e-01
   3.4000000e+02   3.1273600e-01
   3.4100000e+02   3.1393200e-01
   3.4200000e+02   3.1511100e-01
   3.4300000e+02   3.1632400e-01
   3.4400000e+02   3.1749400e-01
   3.4500000e+02   3.1871300e-01
   3.4600000e+02   3.1987100e-01
   3.4700000e+02   3.2107300e-01
   3.4800000e+02   3.2220900e-01
   3.4900000e+02   3.2341200e-01
   3.5000000e+02   3.2458300e-01
   3.5100000e+02   3.2580000e-01
   3.5200000e+02   3.2696400e-01
   3.5300000e+02   3.2810600e-01
   3.5400000e+02   3.2927800e-01
   3.5500000e+02   3.3051000e-01
   3.5600000e+02   3.3164500e-01
   3.5700000e+02   3.3280400e-01
   3.5800000e+02   3.3397500e-01
   3.5900000e+02   3.3520700e-01
   3.6000000e+02   3.3639900e-01
   3.6100000e+02   3.3763000e-01
   3.6200000e+02   3.3881200e-01
   3.6300000e+02   3.4003400e-01
   3.6400000e+02   3.4117300e-01
   3.6500000e+02   3.4242600e-01
   3.6600000e+02   3.4363300e-01
   3.6700000e+02   3.4486700e-01
   3.6800000e+02   3.4601300e-01
   3.6900000e+02   3.4726100e-01
   3.7000000e+02   3.4835300e-01
   3.7100000e+02   3.4946400e-01
   3.7200000e+02   3.5059800e-01
   3.7300000e+02   3.5189400e-01
   3.7400000e+02   3.5309800e-01
   3.7500000e+02   3.5438100e-01
   3.7600000e+02   3.5555800e-01
   3.7700000e+02   3.5682500e-01
   3.7800000e+02   3.5800800e-01
   3.7900000e+02   3.5924300e-01
   3.8000000e+02   3.6045900e-01
   3.8100000e+02   3.6171200e-01
   3.8200000e+02   3.6288200e-01
   3.8300000e+02   3.6413700e-01
   3.8400000e+02   3.6533700e-01
   3.8500000e+02   3.6664900e-01
   3.8600000e+02   3.6783700e-01
   3.8700000e+02   3.6910100e-01
   3.8800000e+02   3.7027400e-01
   3.8900000e+02   3.7147500e-01
   3.9000000e+02   3.7265300e-01
   3.9100000e+02   3.7391400e-01
   3.9200000e+02   3.7511600e-01
   3.9300000e+02   3.7641800e-01
   3.9400000e+02   3.7766700e-01
   3.9500000e+02   3.7896200e-01
   3.9600000e+02   3.8020200e-01
   3.9700000e+02   3.8149000e-01
   3.9800000e+02   3.8270700e-01
   3.9900000e+02   3.8398700e-01
   4.0000000e+02   3.8517400e-01
   4.0100000e+02   3.8647000e-01
   4.0200000e+02   3.8769500e-01
   4.0300000e+02   3.8892100e-01
   4.0400000e+02   3.9015800e-01
   4.0500000e+02   3.9146300e-01
   4.0600000e+02   3.9269400e-01
   4.0700000e+02   3.9398600e-01
   4.0800000e+02   3.9519400e-01
   4.0900000e+02   3.9649100e-01
   4.1000000e+02   3.9768600e-01
   4.1100000e+02   3.9899500e-01
   4.1200000e+02   4.0025800e-01
   4.1300000e+02   4.0155300e-01
   4.1400000e+02   4.0291700e-01
   4.1500000e+02   4.0439400e-01
   4.1600000e+02   4.0589200e-01
   4.1700000e+02   4.0738800e-01
   4.1800000e+02   4.0885200e-01
   4.1900000e+02   4.1016300e-01
   4.2000000e+02   4.1138900e-01
   4.2100000e+02   4.1270900e-01
   4.2200000e+02   4.1393600e-01
   4.2300000e+02   4.1525800e-01
   4.2400000e+02   4.1651000e-01
   4.2500000e+02   4.1783200e-01
   4.2600000e+02   4.1906000e-01
   4.2700000e+02   4.2036500e-01
   4.2800000e+02   4.2159600e-01
   4.2900000e+02   4.2292200e-01
   4.3000000e+02   4.2416000e-01
   4.3100000e+02   4.2549800e-01
   4.3200000e+02   4.2675200e-01
   4.3300000e+02   4.2807500e-01
   4.3400000e+02   4.2930900e-01
   4.3500000e+02   4.3064100e-01
   4.3600000e+02   4.3187300e-01
   4.3700000e+02   4.3319400e-01
   4.3800000e+02   4.3454300e-01
   4.3900000e+02   4.3583500e-01
   4.4000000e+02   4.3698700e-01
   4.4100000e+02   4.3820900e-01
   4.4200000e+02   4.3934300e-01
   4.4300000e+02   4.4054900e-01
   4.4400000e+02   4.4214100e-01
   4.4500000e+02   4.4339800e-01
   4.4600000e+02   4.4452300e-01
   4.4700000e+02   4.4572500e-01
   4.4800000e+02   4.4685100e-01
   4.4900000e+02   4.4818200e-01
   4.5000000e+02   4.4938400e-01
   4.5100000e+02   4.5068300e-01
   4.5200000e+02   4.5188200e-01
   4.5300000e+02   4.5318300e-01
   4.5400000e+02   4.5457500e-01
   4.5500000e+02   4.5588800e-01
   4.5600000e+02   4.5709700e-01
   4.5700000e+02   4.5865200e-01
   4.5800000e+02   4.5997400e-01
   4.5900000e+02   4.6124300e-01
   4.6000000e+02   4.6244600e-01
   4.6100000e+02   4.6404300e-01
   4.6200000e+02   4.6524800e-01
   4.6300000e+02   4.6658300e-01
   4.6400000e+02   4.6783100e-01
   4.6500000e+02   4.6911600e-01
   4.6600000e+02   4.7032000e-01
   4.6700000e+02   4.7159900e-01
   4.6800000e+02   4.7281300e-01
   4.6900000e+02   4.7410700e-01
   4.7000000e+02   4.7552300e-01
   4.7100000e+02   4.7668300e-01
   4.7200000e+02   4.7786200e-01
   4.7300000e+02   4.7916700e-01
   4.7400000e+02   4.8043200e-01
   4.7500000e+02   4.8172400e-01
   4.7600000e+02   4.8292700e-01
   4.7700000e+02   4.8426800e-01
   4.7800000e+02   4.8577400e-01
   4.7900000e+02   4.8709100e-01
   4.8000000e+02   4.8830800e-01
   4.8100000e+02   4.8960400e-01
   4.8200000e+02   4.9081500e-01
   4.8300000e+02   4.9229800e-01
   4.8400000e+02   4.9350900e-01
   4.8500000e+02   4.9464100e-01
   4.8600000e+02   4.9577900e-01
   4.8700000e+02   4.9690600e-01
   4.8800000e+02   4.9796800e-01
   4.8900000e+02   4.9904200e-01
   4.9000000e+02   5.0010400e-01
   4.9100000e+02   5.0118700e-01
   4.9200000e+02   5.0225300e-01
   4.9300000e+02   5.0338800e-01
   4.9400000e+02   5.0457700e-01
   4.9500000e+02   5.0570700e-01
   4.9600000e+02   5.0693200e-01
   4.9700000e+02   5.0808300e-01
   4.9800000e+02   5.0924300e-01
   4.9900000e+02   5.1039300e-01
   5.0000000e+02   5.1148300e-01
   5.0100000e+02   5.1254100e-01
   5.0200000e+02   5.1361500e-01
   5.0300000e+02   5.1467200e-01
   5.0400000e+02   5.1623400e-01
   5.0500000e+02   5.1737300e-01
   5.0600000e+02   5.1847200e-01
   5.0700000e+02   5.1953700e-01
   5.0800000e+02   5.2067800e-01
   5.0900000e+02   5.2174800e-01
   5.1000000e+02   5.2284800e-01
   5.1100000e+02   5.2390900e-01
   5.1200000e+02   5.2504700e-01
   5.1300000e+02   5.2619000e-01
   5.1400000e+02   5.2739200e-01
   5.1500000e+02   5.2852400e-01
   5.1600000e+02   5.2966500e-01
   5.1700000e+02   5.3079300e-01
   5.1800000e+02   5.3194100e-01
   5.1900000e+02   5.3306200e-01
   5.2000000e+02   5.3420900e-01
   5.2100000e+02   5.3535600e-01
   5.2200000e+02   5.3775200e-01
   5.2300000e+02   5.3895800e-01
   5.2400000e+02   5.4011600e-01
   5.2500000e+02   5.4127600e-01
   5.2600000e+02   5.4246800e-01
   5.2700000e+02   5.4360000e-01
   5.2800000e+02   5.4473800e-01
   5.2900000e+02   5.4588000e-01
   5.3000000e+02   5.4707500e-01
   5.3100000e+02   5.4835100e-01
   5.3200000e+02   5.4951500e-01
   5.3300000e+02   5.5066600e-01
   5.3400000e+02   5.5182000e-01
   5.3500000e+02   5.5326800e-01
   5.3600000e+02   5.5537600e-01
   5.3700000e+02   5.5664400e-01
   5.3800000e+02   5.5789100e-01
   5.3900000e+02   5.5915200e-01
   5.4000000e+02   5.6035700e-01
   5.4100000e+02   5.6156700e-01
   5.4200000e+02   5.6279900e-01
   5.4300000e+02   5.6400400e-01
   5.4400000e+02   5.6523300e-01
   5.4500000e+02   5.6650900e-01
   5.4600000e+02   5.6773900e-01
   5.4700000e+02   5.6899300e-01
   5.4800000e+02   5.7026300e-01
   5.4900000e+02   5.7152800e-01
   5.5000000e+02   5.7279900e-01
   5.5100000e+02   5.7402100e-01
   5.5200000e+02   5.7530400e-01
   5.5300000e+02   5.7654600e-01
   5.5400000e+02   5.7786800e-01
   5.5500000e+02   5.7911800e-01
   5.5600000e+02   5.8036500e-01
   5.5700000e+02   5.8158800e-01
   5.5800000e+02   5.8287400e-01
   5.5900000e+02   5.8409700e-01
   5.6000000e+02   5.8536800e-01
   5.6100000e+02   5.8661600e-01
   5.6200000e+02   5.8788600e-01
   5.6300000e+02   5.8912200e-01
   5.6400000e+02   5.9068200e-01
   5.6500000e+02   5.9245800e-01
   5.6600000e+02   5.9368900e-01
   5.6700000e+02   5.9487900e-01
   5.6800000e+02   5.9608300e-01
   5.6900000e+02   5.9731300e-01
   5.7000000e+02   5.9854000e-01
   5.7100000e+02   5.9975500e-01
   5.7200000e+02   6.0095300e-01
   5.7300000e+02   6.0218400e-01
   5.7400000e+02   6.0338900e-01
   5.7500000e+02   6.0460200e-01
   5.7600000e+02   6.0579400e-01
   5.7700000e+02   6.0701000e-01
   5.7800000e+02   6.0822300e-01
   5.7900000e+02   6.0946200e-01
   5.8000000e+02   6.1065700e-01
   5.8100000e+02   6.1186600e-01
   5.8200000e+02   6.1306200e-01
   5.8300000e+02   6.1426200e-01
   5.8400000e+02   6.1549300e-01
   5.8500000e+02   6.1673600e-01
   5.8600000e+02   6.1784000e-01
   5.8700000e+02   6.1899000e-01
   5.8800000e+02   6.2006300e-01
   5.8900000e+02   6.2115000e-01
   5.9000000e+02   6.2221800e-01
   5.9100000e+02   6.2331900e-01
   5.9200000e+02   6.2439300e-01
   5.9300000e+02   6.2549600e-01
   5.9400000e+02   6.2657800e-01
   5.9500000e+02   6.2764900e-01
   5.9600000e+02   6.2870000e-01
   5.9700000e+02   6.2978500e-01
   5.9800000e+02   6.3086800e-01
   5.9900000e+02   6.3195100e-01
   6.0000000e+02   6.3299600e-01
   6.0100000e+02   6.3406900e-01
   6.0200000e+02   6.3589600e-01
   6.0300000e+02   6.3837300e-01
   6.0400000e+02   6.3974400e-01
   6.0500000e+02   6.4088500e-01
   6.0600000e+02   6.4203900e-01
   6.0700000e+02   6.4316500e-01
   6.0800000e+02   6.4428700e-01
   6.0900000e+02   6.4537800e-01
   6.1000000e+02   6.4651800e-01
   6.1100000e+02   6.4761000e-01
   6.1200000e+02   6.4872300e-01
   6.1300000e+02   6.4982500e-01
   6.1400000e+02   6.5095400e-01
   6.1500000e+02   6.5204100e-01
   6.1600000e+02   6.5315100e-01
   6.1700000e+02   6.5432700e-01
   6.1800000e+02   6.5567900e-01
   6.1900000e+02   6.5729700e-01
   6.2000000e+02   6.5882900e-01
   6.2100000e+02   6.6021800e-01
   6.2200000e+02   6.6195200e-01
   6.2300000e+02   6.6346900e-01
   6.2400000e+02   6.6496200e-01
   6.2500000e+02   6.6655100e-01
   6.2600000e+02   6.6806200e-01
   6.2700000e+02   6.6946500e-01
   6.2800000e+02   6.7078300e-01
   6.2900000e+02   6.7222300e-01
   6.3000000e+02   6.7404600e-01
   6.3100000e+02   6.7534800e-01
   6.3200000e+02   6.7675500e-01
   6.3300000e+02   6.7821800e-01
   6.3400000e+02   6.7970200e-01
   6.3500000e+02   6.8114200e-01
   6.3600000e+02   6.8254100e-01
   6.3700000e+02   6.8394700e-01
   6.3800000e+02   6.8534200e-01
   6.3900000e+02   6.8675300e-01
   6.4000000e+02   6.8813400e-01
   6.4100000e+02   6.8953700e-01
   6.4200000e+02   6.9095000e-01
   6.4300000e+02   6.9236800e-01
   6.4400000e+02   6.9377300e-01
   6.4500000e+02   6.9518100e-01
   6.4600000e+02   6.9645100e-01
   6.4700000e+02   6.9766300e-01
   6.4800000e+02   6.9880900e-01
   6.4900000e+02   7.0006600e-01
   6.5000000e+02   7.0146500e-01
   6.5100000e+02   7.0295100e-01
   6.5200000e+02   7.0426600e-01
   6.5300000e+02   7.0548700e-01
   6.5400000e+02   7.0663800e-01
   6.5500000e+02   7.0786200e-01
   6.5600000e+02   7.0898800e-01
   6.5700000e+02   7.1022300e-01
   6.5800000e+02   7.1148500e-01
   6.5900000e+02   7.1268300e-01
   6.6000000e+02   7.1383700e-01
   6.6100000e+02   7.1505400e-01
   6.6200000e+02   7.1626200e-01
   6.6300000e+02   7.1750100e-01
   6.6400000e+02   7.1874700e-01
   6.6500000e+02   7.1995800e-01
   6.6600000e+02   7.2108300e-01
   6.6700000e+02   7.2228200e-01
   6.6800000e+02   7.2340000e-01
   6.6900000e+02   7.2459100e-01
   6.7000000e+02   7.2571300e-01
   6.7100000e+02   7.2693400e-01
   6.7200000e+02   7.2804600e-01
   6.7300000e+02   7.2924200e-01
   6.7400000e+02   7.3035600e-01
   6.7500000e+02   7.3146500e-01
   6.7600000e+02   7.3258600e-01
   6.7700000e+02   7.3366900e-01
   6.7800000e+02   7.3479400e-01
   6.7900000e+02   7.3597100e-01
   6.8000000e+02   7.3705900e-01
   6.8100000e+02   7.3824700e-01
   6.8200000e+02   7.3941700e-01
   6.8300000e+02   7.4065400e-01
   6.8400000e+02   7.4182700e-01
   6.8500000e+02   7.4304000e-01
   6.8600000e+02   7.4416300e-01
   6.8700000e+02   7.4532100e-01
   6.8800000e+02   7.4643600e-01
   6.8900000e+02   7.4759800e-01
   6.9000000e+02   7.4869400e-01
   6.9100000e+02   7.4984500e-01
   6.9200000e+02   7.5104400e-01
   6.9300000e+02   7.5220800e-01
   6.9400000e+02   7.5330700e-01
   6.9500000e+02   7.5446800e-01
   6.9600000e+02   7.5555600e-01
   6.9700000e+02   7.5673600e-01
   6.9800000e+02   7.5784600e-01
   6.9900000e+02   7.5906500e-01
   7.0000000e+02   7.6017800e-01
   7.0100000e+02   7.6132900e-01
   7.0200000e+02   7.6245800e-01
   7.0300000e+02   7.6363600e-01
   7.0400000e+02   7.6480500e-01
   7.0500000e+02   7.6596400e-01
   7.0600000e+02   7.6709300e-01
   7.0700000e+02   7.6823000e-01
   7.0800000e+02   7.6929700e-01
   7.0900000e+02   7.7042900e-01
   7.1000000e+02   7.7149600e-01
   7.1100000e+02   7.7261200e-01
   7.1200000e+02   7.7367200e-01
   7.1300000e+02   7.7480700e-01
   7.1400000e+02   7.7587200e-01
   7.1500000e+02   7.7698800e-01
   7.1600000e+02   7.7816300e-01
   7.1700000e+02   7.7945400e-01
   7.1800000e+02   7.8067800e-01
   7.1900000e+02   7.8199200e-01
   7.2000000e+02   7.8339600e-01
   7.2100000e+02   7.8477500e-01
   7.2200000e+02   7.8612600e-01
   7.2300000e+02   7.8738100e-01
   7.2400000e+02   7.8848000e-01
   7.2500000e+02   7.8963600e-01
   7.2600000e+02   7.9083400e-01
   7.2700000e+02   7.9198300e-01
   7.2800000e+02   7.9308900e-01
   7.2900000e+02   7.9422500e-01
   7.3000000e+02   7.9541000e-01
   7.3100000e+02   7.9655200e-01
   7.3200000e+02   7.9762300e-01
   7.3300000e+02   7.9876200e-01
   7.3400000e+02   7.9984900e-01
   7.3500000e+02   8.0097900e-01
   7.3600000e+02   8.0214400e-01
   7.3700000e+02   8.0328300e-01
   7.3800000e+02   8.0444300e-01
   7.3900000e+02   8.0557100e-01
   7.4000000e+02   8.0663300e-01
   7.4100000e+02   8.0775800e-01
   7.4200000e+02   8.0881200e-01
   7.4300000e+02   8.0993600e-01
   7.4400000e+02   8.1122100e-01
   7.4500000e+02   8.1249900e-01
   7.4600000e+02   8.1374400e-01
   7.4700000e+02   8.1502100e-01
   7.4800000e+02   8.1614400e-01
   7.4900000e+02   8.1726000e-01
   7.5000000e+02   8.1828700e-01
   7.5100000e+02   8.1940500e-01
   7.5200000e+02   8.2042700e-01
   7.5300000e+02   8.2153700e-01
   7.5400000e+02   8.2266800e-01
   7.5500000e+02   8.2378800e-01
   7.5600000e+02   8.2481600e-01
   7.5700000e+02   8.2593600e-01
   7.5800000e+02   8.2695800e-01
   7.5900000e+02   8.2807600e-01
   7.6000000e+02   8.2908800e-01
   7.6100000e+02   8.3019100e-01
   7.6200000e+02   8.3121000e-01
   7.6300000e+02   8.3231700e-01
   7.6400000e+02   8.3335200e-01
   7.6500000e+02   8.3445000e-01
   7.6600000e+02   8.3545300e-01
   7.6700000e+02   8.3653900e-01
   7.6800000e+02   8.3754200e-01
   7.6900000e+02   8.3855300e-01
   7.7000000e+02   8.3954500e-01
   7.7100000e+02   8.4052800e-01
   7.7200000e+02   8.4173200e-01
   7.7300000e+02   8.4288900e-01
   7.7400000e+02   8.4388900e-01
   7.7500000e+02   8.4492600e-01
   7.7600000e+02   8.4589300e-01
   7.7700000e+02   8.4695300e-01
   7.7800000e+02   8.4793000e-01
   7.7900000e+02   8.4898600e-01
   7.8000000e+02   8.4999800e-01
   7.8100000e+02   8.5106600e-01
   7.8200000e+02   8.5204600e-01
   7.8300000e+02   8.5302700e-01
   7.8400000e+02   8.5399400e-01
   7.8500000e+02   8.5502000e-01
   7.8600000e+02   8.5595900e-01
   7.8700000e+02   8.5697400e-01
   7.8800000e+02   8.5791300e-01
   7.8900000e+02   8.5893900e-01
   7.9000000e+02   8.5988300e-01
   7.9100000e+02   8.6088200e-01
   7.9200000e+02   8.6181000e-01
   7.9300000e+02   8.6280300e-01
   7.9400000e+02   8.6372900e-01
   7.9500000e+02   8.6466000e-01
   7.9600000e+02   8.6559600e-01
   7.9700000e+02   8.6662000e-01
   7.9800000e+02   8.6753800e-01
   7.9900000e+02   8.6846200e-01
   8.0000000e+02   8.6940200e-01
   8.0100000e+02   8.7040200e-01
   8.0200000e+02   8.7131400e-01
   8.0300000e+02   8.7230400e-01
   8.0400000e+02   8.7320800e-01
   8.0500000e+02   8.7418700e-01
   8.0600000e+02   8.7509200e-01
   8.0700000e+02   8.7605600e-01
   8.0800000e+02   8.7686600e-01
   8.0900000e+02   8.7758900e-01
   8.1000000e+02   8.7826200e-01
   8.1100000e+02   8.7894000e-01
   8.1200000e+02   8.7960600e-01
   8.1300000e+02   8.8027600e-01
   8.1400000e+02   8.8094500e-01
   8.1500000e+02   8.8157400e-01
   8.1600000e+02   8.8220300e-01
   8.1700000e+02   8.8284300e-01
   8.1800000e+02   8.8347300e-01
   8.1900000e+02   8.8410000e-01
   8.2000000e+02   8.8470800e-01
   8.2100000e+02   8.8532400e-01
   8.2200000e+02   8.8594900e-01
   8.2300000e+02   8.8659500e-01
   8.2400000e+02   8.8722100e-01
   8.2500000e+02   8.8782300e-01
   8.2600000e+02   8.8842000e-01
   8.2700000e+02   8.8903100e-01
   8.2800000e+02   8.8964600e-01
   8.2900000e+02   8.9024500e-01
   8.3000000e+02   8.9085700e-01
   8.3100000e+02   8.9144600e-01
   8.3200000e+02   8.9209000e-01
   8.3300000e+02   8.9268200e-01
   8.3400000e+02   8.9326500e-01
   8.3500000e+02   8.9385900e-01
   8.3600000e+02   8.9444700e-01
   8.3700000e+02   8.9503400e-01
   8.3800000e+02   8.9562900e-01
   8.3900000e+02   8.9620400e-01
   8.4000000e+02   8.9680000e-01
   8.4100000e+02   8.9738500e-01
   8.4200000e+02   8.9798000e-01
   8.4300000e+02   8.9856400e-01
   8.4400000e+02   8.9912900e-01
   8.4500000e+02   8.9970100e-01
   8.4600000e+02   9.0029000e-01
   8.4700000e+02   9.0084600e-01
   8.4800000e+02   9.0141300e-01
   8.4900000e+02   9.0197600e-01
   8.5000000e+02   9.0254300e-01
   8.5100000e+02   9.0307000e-01
   8.5200000e+02   9.0360000e-01
   8.5300000e+02   9.0413700e-01
   8.5400000e+02   9.0465400e-01
   8.5500000e+02   9.0516600e-01
   8.5600000e+02   9.0570500e-01
   8.5700000e+02   9.0623900e-01
   8.5800000e+02   9.0679600e-01
   8.5900000e+02   9.0731800e-01
   8.6000000e+02   9.0786800e-01
   8.6100000e+02   9.0838800e-01
   8.6200000e+02   9.0891300e-01
   8.6300000e+02   9.0940500e-01
   8.6400000e+02   9.1096600e-01
   8.6500000e+02   9.1159400e-01
   8.6600000e+02   9.1214700e-01
   8.6700000e+02   9.1266700e-01
   8.6800000e+02   9.1317400e-01
   8.6900000e+02   9.1370100e-01
   8.7000000e+02   9.1439400e-01
   8.7100000e+02   9.1502300e-01
   8.7200000e+02   9.1561600e-01
   8.7300000e+02   9.1618600e-01
   8.7400000e+02   9.1670600e-01
   8.7500000e+02   9.1722300e-01
   8.7600000e+02   9.1771700e-01
   8.7700000e+02   9.1820400e-01
   8.7800000e+02   9.1870500e-01
   8.7900000e+02   9.1920000e-01
   8.8000000e+02   9.1983700e-01
   8.8100000e+02   9.2065500e-01
   8.8200000e+02   9.2142300e-01
   8.8300000e+02   9.2216600e-01
   8.8400000e+02   9.2288100e-01
   8.8500000e+02   9.2354500e-01
   8.8600000e+02   9.2419600e-01
   8.8700000e+02   9.2493700e-01
   8.8800000e+02   9.2554400e-01
   8.8900000e+02   9.2614100e-01
   8.9000000e+02   9.2675500e-01
   8.9100000e+02   9.2734200e-01
   8.9200000e+02   9.2794100e-01
   8.9300000e+02   9.2853200e-01
   8.9400000e+02   9.2913900e-01
   8.9500000e+02   9.2969100e-01
   8.9600000e+02   9.3025200e-01
   8.9700000e+02   9.3081800e-01
   8.9800000e+02   9.3141700e-01
   8.9900000e+02   9.3214300e-01
   9.0000000e+02   9.3269400e-01
   9.0100000e+02   9.3324200e-01
   9.0200000e+02   9.3430900e-01
   9.0300000e+02   9.3485400e-01
   9.0400000e+02   9.3539200e-01
   9.0500000e+02   9.3591600e-01
   9.0600000e+02   9.3645200e-01
   9.0700000e+02   9.3697800e-01
   9.0800000e+02   9.3750400e-01
   9.0900000e+02   9.3802900e-01
   9.1000000e+02   9.3856000e-01
   9.1100000e+02   9.3906400e-01
   9.1200000e+02   9.3957600e-01
   9.1300000e+02   9.4012100e-01
   9.1400000e+02   9.4063400e-01
   9.1500000e+02   9.4114200e-01
   9.1600000e+02   9.4164900e-01
   9.1700000e+02   9.4214500e-01
   9.1800000e+02   9.4266300e-01
   9.1900000e+02   9.4315600e-01
   9.2000000e+02   9.4365600e-01
   9.2100000e+02   9.4414000e-01
   9.2200000e+02   9.4475300e-01
   9.2300000e+02   9.4523200e-01
   9.2400000e+02   9.4572000e-01
   9.2500000e+02   9.4618600e-01
   9.2600000e+02   9.4668200e-01
   9.2700000e+02   9.4714100e-01
   9.2800000e+02   9.4760700e-01
   9.2900000e+02   9.4808200e-01
   9.3000000e+02   9.4855100e-01
   9.3100000e+02   9.4909600e-01
   9.3200000e+02   9.4955900e-01
   9.3300000e+02   9.5000900e-01
   9.3400000e+02   9.5049400e-01
   9.3500000e+02   9.5098700e-01
   9.3600000e+02   9.5147600e-01
   9.3700000e+02   9.5238800e-01
   9.3800000e+02   9.5288700e-01
   9.3900000e+02   9.5359000e-01
   9.4000000e+02   9.5405700e-01
   9.4100000e+02   9.5451800e-01
   9.4200000e+02   9.5497500e-01
   9.4300000e+02   9.5540100e-01
   9.4400000e+02   9.5582700e-01
   9.4500000e+02   9.5630000e-01
   9.4600000e+02   9.5673400e-01
   9.4700000e+02   9.5715800e-01
   9.4800000e+02   9.5757400e-01
   9.4900000e+02   9.5798700e-01
   9.5000000e+02   9.5840200e-01
   9.5100000e+02   9.5880100e-01
   9.5200000e+02   9.5920300e-01
   9.5300000e+02   9.5960000e-01
   9.5400000e+02   9.5999900e-01
   9.5500000e+02   9.6038500e-01
   9.5600000e+02   9.6077800e-01
   9.5700000e+02   9.6116300e-01
   9.5800000e+02   9.6155200e-01
   9.5900000e+02   9.6193700e-01
   9.6000000e+02   9.6231600e-01
   9.6100000e+02   9.6269800e-01
   9.6200000e+02   9.6308300e-01
   9.6300000e+02   9.6345400e-01
   9.6400000e+02   9.6382300e-01
   9.6500000e+02   9.6418200e-01
   9.6600000e+02   9.6455500e-01
   9.6700000e+02   9.6491000e-01
   9.6800000e+02   9.6526000e-01
   9.6900000e+02   9.6590900e-01
   9.7000000e+02   9.6641200e-01
   9.7100000e+02   9.6675200e-01
   9.7200000e+02   9.6708800e-01
   9.7300000e+02   9.6741000e-01
   9.7400000e+02   9.6773300e-01
   9.7500000e+02   9.6805200e-01
   9.7600000e+02   9.6834400e-01
   9.7700000e+02   9.6863400e-01
   9.7800000e+02   9.6892000e-01
   9.7900000e+02   9.6920200e-01
   9.8000000e+02   9.6947500e-01
   9.8100000e+02   9.6974400e-01
   9.8200000e+02   9.7001000e-01
   9.8300000e+02   9.7027300e-01
   9.8400000e+02   9.7053900e-01
   9.8500000e+02   9.7079500e-01
   9.8600000e+02   9.7104600e-01
   9.8700000e+02   9.7129900e-01
   9.8800000e+02   9.7153800e-01
   9.8900000e+02   9.7176900e-01
   9.9000000e+02   9.7199200e-01
   9.9100000e+02   9.7221100e-01
   9.9200000e+02   9.7242200e-01
   9.9300000e+02   9.7262800e-01
   9.9400000e+02   9.7283000e-01
   9.9500000e+02   9.7303000e-01
   9.9600000e+02   9.7321800e-01
   9.9700000e+02   9.7339700e-01
   9.9800000e+02   9.7356700e-01
   9.9900000e+02   9.7367400e-01
   1.0000000e+03   9.7378500e-01
