   1.0000000e+00   5.9134770e+00
   7.0000000e+00   5.9189980e+00
   1.3000000e+01   5.9257920e+00
   1.9000000e+01   5.9346720e+00
   2.5000000e+01   5.9459470e+00
   3.1000000e+01   5.9593080e+00
   3.7000000e+01   5.9750170e+00
   4.3000000e+01   5.9935350e+00
   4.9000000e+01   6.0139580e+00
   5.5000000e+01   6.0368760e+00
   6.1000000e+01   6.0620920e+00
   6.7000000e+01   6.0898210e+00
   7.3000000e+01   6.1202920e+00
   7.9000000e+01   6.1532890e+00
   8.5000000e+01   6.1886710e+00
   9.1000000e+01   6.2268340e+00
   9.7000000e+01   6.2670010e+00
   1.0300000e+02   6.3097670e+00
   1.0900000e+02   6.3543870e+00
   1.1500000e+02   6.4021940e+00
   1.2100000e+02   6.4524920e+00
   1.2700000e+02   6.5060750e+00
   1.3300000e+02   6.5617810e+00
   1.3900000e+02   6.6214790e+00
   1.4500000e+02   6.6829720e+00
   1.5100000e+02   6.7465920e+00
   1.5700000e+02   6.8133850e+00
   1.6300000e+02   6.8817950e+00
   1.6900000e+02   7.1663760e+00
   1.7500000e+02   7.2408890e+00
   1.8100000e+02   7.3169290e+00
   1.8700000e+02   7.3946590e+00
   1.9300000e+02   7.4757930e+00
   1.9900000e+02   7.5597460e+00
   2.0500000e+02   7.6455520e+00
   2.1100000e+02   7.7347090e+00
   2.1700000e+02   7.8258090e+00
   2.2300000e+02   7.9181530e+00
   2.2900000e+02   8.0166440e+00
   2.3500000e+02   8.1159010e+00
   2.4100000e+02   8.2161860e+00
   2.4700000e+02   8.3182810e+00
   2.5300000e+02   8.4291760e+00
   2.5900000e+02   8.5391170e+00
   2.6500000e+02   8.7363110e+00
   2.7100000e+02   8.9264890e+00
   2.7700000e+02   9.1142260e+00
   2.8300000e+02   9.3061460e+00
   2.8900000e+02   9.5631260e+00
   2.9500000e+02   9.8255440e+00
   3.0100000e+02   1.0103428e+01
   3.0700000e+02   1.0385377e+01
   3.1300000e+02   1.0664807e+01
   3.1900000e+02   1.0954928e+01
   3.2500000e+02   1.1250276e+01
   3.3100000e+02   1.1541138e+01
   3.3700000e+02   1.1835086e+01
   3.4300000e+02   1.2136491e+01
   3.4900000e+02   1.2470337e+01
   3.5500000e+02   1.2785205e+01
   3.6100000e+02   1.3102087e+01
   3.6700000e+02   1.3422376e+01
   3.7300000e+02   1.3744571e+01
   3.7900000e+02   1.4087179e+01
   3.8500000e+02   1.4436650e+01
   3.9100000e+02   1.4790580e+01
   3.9700000e+02   1.5155046e+01
   4.0300000e+02   1.5524921e+01
   4.0900000e+02   1.5899278e+01
   4.1500000e+02   1.6288397e+01
   4.2100000e+02   1.6667501e+01
   4.2700000e+02   1.7050476e+01
   4.3300000e+02   1.7437587e+01
   4.3900000e+02   1.7832602e+01
   4.4500000e+02   1.8232079e+01
   4.5100000e+02   1.8652431e+01
   4.5700000e+02   1.9083128e+01
   4.6300000e+02   1.9508793e+01
   4.6900000e+02   1.9950504e+01
   4.7500000e+02   2.0393953e+01
   4.8100000e+02   2.0834054e+01
   4.8700000e+02   2.1291576e+01
   4.9300000e+02   2.1750164e+01
   4.9900000e+02   2.2216773e+01
   5.0500000e+02   2.2682744e+01
   5.1100000e+02   2.3155477e+01
   5.1700000e+02   2.3634000e+01
   5.2300000e+02   2.4121060e+01
   5.2900000e+02   2.4608611e+01
   5.3500000e+02   2.5105075e+01
   5.4100000e+02   2.5601190e+01
   5.4700000e+02   2.6109924e+01
   5.5300000e+02   2.6614702e+01
   5.5900000e+02   2.7121961e+01
   5.6500000e+02   2.7634673e+01
   5.7100000e+02   2.8146850e+01
   5.7700000e+02   2.8664178e+01
   5.8300000e+02   2.9207682e+01
   5.8900000e+02   2.9747784e+01
   5.9500000e+02   3.0318323e+01
   6.0100000e+02   3.0858381e+01
   6.0700000e+02   3.1406361e+01
   6.1300000e+02   3.1957753e+01
   6.1900000e+02   3.2517421e+01
   6.2500000e+02   3.3085329e+01
   6.3100000e+02   3.3658985e+01
   6.3700000e+02   3.4236623e+01
   6.4300000e+02   3.4825756e+01
   6.4900000e+02   3.5421614e+01
   6.5500000e+02   3.6022232e+01
   6.6100000e+02   3.6623437e+01
   6.6700000e+02   3.7224838e+01
   6.7300000e+02   3.7836070e+01
   6.7900000e+02   3.8457275e+01
   6.8500000e+02   3.9069162e+01
   6.9100000e+02   3.9679439e+01
   6.9700000e+02   4.0309911e+01
   7.0300000e+02   4.0958787e+01
   7.0900000e+02   4.1604879e+01
   7.1500000e+02   4.2248394e+01
   7.2100000e+02   4.2897676e+01
   7.2700000e+02   4.3564713e+01
   7.3300000e+02   4.4240314e+01
   7.3900000e+02   4.4909967e+01
   7.4500000e+02   4.5584903e+01
   7.5100000e+02   4.6263963e+01
   7.5700000e+02   4.6946239e+01
   7.6300000e+02   4.7643835e+01
   7.6900000e+02   4.8353670e+01
   7.7500000e+02   4.9056161e+01
   7.8100000e+02   4.9773684e+01
   7.8700000e+02   5.0495314e+01
   7.9300000e+02   5.1220377e+01
   7.9900000e+02   5.1946082e+01
   8.0500000e+02   5.2657513e+01
   8.1100000e+02   5.3420573e+01
   8.1700000e+02   5.4146679e+01
   8.2300000e+02   5.4876325e+01
   8.2900000e+02   5.5615388e+01
   8.3500000e+02   5.6373548e+01
   8.4100000e+02   5.7142295e+01
   8.4700000e+02   5.7921218e+01
   8.5300000e+02   5.8695609e+01
   8.5900000e+02   5.9467966e+01
   8.6500000e+02   6.0232799e+01
   8.7100000e+02   6.0995497e+01
   8.7700000e+02   6.1769330e+01
   8.8300000e+02   6.2560605e+01
   8.8900000e+02   6.3358932e+01
   8.9500000e+02   6.4155997e+01
   9.0100000e+02   6.4973217e+01
   9.0700000e+02   6.5782230e+01
   9.1300000e+02   6.6618748e+01
   9.1900000e+02   6.7471135e+01
   9.2500000e+02   6.8305484e+01
   9.3100000e+02   6.9165340e+01
   9.3700000e+02   6.9987492e+01
   9.4300000e+02   7.0840341e+01
   9.4900000e+02   7.1697408e+01
   9.5500000e+02   7.2541186e+01
   9.6100000e+02   7.3387437e+01
   9.6700000e+02   7.4241738e+01
   9.7300000e+02   7.5088874e+01
   9.7900000e+02   7.5951316e+01
   9.8500000e+02   7.6817202e+01
   9.9100000e+02   7.7708654e+01
   9.9700000e+02   7.8589954e+01
   1.0030000e+03   7.9485033e+01
   1.0090000e+03   8.0398040e+01
   1.0150000e+03   8.1291409e+01
   1.0210000e+03   8.2186612e+01
   1.0270000e+03   8.3089973e+01
   1.0330000e+03   8.3983264e+01
   1.0390000e+03   8.4876737e+01
   1.0450000e+03   8.5760654e+01
   1.0510000e+03   8.6647721e+01
   1.0570000e+03   8.7583547e+01
   1.0630000e+03   8.8522086e+01
   1.0690000e+03   8.9449657e+01
   1.0750000e+03   9.0374653e+01
   1.0810000e+03   9.1306119e+01
   1.0870000e+03   9.2252358e+01
   1.0930000e+03   9.3227505e+01
   1.0990000e+03   9.4169816e+01
   1.1050000e+03   9.5115179e+01
   1.1110000e+03   9.6070502e+01
   1.1170000e+03   9.7023550e+01
   1.1230000e+03   9.7991580e+01
   1.1290000e+03   9.8956234e+01
   1.1350000e+03   9.9933359e+01
   1.1410000e+03   1.0092676e+02
   1.1470000e+03   1.0190886e+02
   1.1530000e+03   1.0292163e+02
   1.1590000e+03   1.0393880e+02
   1.1650000e+03   1.0495161e+02
   1.1710000e+03   1.0597916e+02
   1.1770000e+03   1.0704078e+02
   1.1830000e+03   1.0806368e+02
   1.1890000e+03   1.0910352e+02
   1.1950000e+03   1.1013083e+02
   1.2010000e+03   1.1117084e+02
   1.2070000e+03   1.1222719e+02
   1.2130000e+03   1.1326065e+02
   1.2190000e+03   1.1431046e+02
   1.2250000e+03   1.1538634e+02
   1.2310000e+03   1.1645529e+02
   1.2370000e+03   1.1750491e+02
   1.2430000e+03   1.1856112e+02
   1.2490000e+03   1.1962409e+02
   1.2550000e+03   1.2067754e+02
   1.2610000e+03   1.2177262e+02
   1.2670000e+03   1.2286956e+02
   1.2730000e+03   1.2401139e+02
   1.2790000e+03   1.2511264e+02
   1.2850000e+03   1.2620403e+02
   1.2910000e+03   1.2730325e+02
   1.2970000e+03   1.2841196e+02
   1.3030000e+03   1.2951692e+02
   1.3090000e+03   1.3062466e+02
   1.3150000e+03   1.3176566e+02
   1.3210000e+03   1.3287979e+02
   1.3270000e+03   1.3402087e+02
   1.3330000e+03   1.3514180e+02
   1.3390000e+03   1.3627896e+02
   1.3450000e+03   1.3739765e+02
   1.3510000e+03   1.3851487e+02
   1.3570000e+03   1.3964542e+02
   1.3630000e+03   1.4078392e+02
   1.3690000e+03   1.4191065e+02
   1.3750000e+03   1.4308151e+02
   1.3810000e+03   1.4423864e+02
   1.3870000e+03   1.4537793e+02
   1.3930000e+03   1.4653295e+02
   1.3990000e+03   1.4770761e+02
   1.4050000e+03   1.4886788e+02
   1.4110000e+03   1.5004184e+02
   1.4170000e+03   1.5120818e+02
   1.4230000e+03   1.5237919e+02
   1.4290000e+03   1.5355791e+02
   1.4350000e+03   1.5471730e+02
   1.4410000e+03   1.5589598e+02
   1.4470000e+03   1.5708504e+02
   1.4530000e+03   1.5829850e+02
   1.4590000e+03   1.5948264e+02
   1.4650000e+03   1.6067499e+02
   1.4710000e+03   1.6186836e+02
   1.4770000e+03   1.6311937e+02
   1.4830000e+03   1.6427701e+02
   1.4890000e+03   1.6542822e+02
   1.4950000e+03   1.6658455e+02
   1.5010000e+03   1.6775293e+02
   1.5070000e+03   1.6891184e+02
   1.5130000e+03   1.7008735e+02
   1.5190000e+03   1.7128145e+02
   1.5250000e+03   1.7246920e+02
   1.5310000e+03   1.7365041e+02
   1.5370000e+03   1.7485258e+02
   1.5430000e+03   1.7602998e+02
   1.5490000e+03   1.7721517e+02
   1.5550000e+03   1.7842442e+02
   1.5610000e+03   1.7967697e+02
   1.5670000e+03   1.8092410e+02
   1.5730000e+03   1.8218346e+02
   1.5790000e+03   1.8340500e+02
   1.5850000e+03   1.8461566e+02
   1.5910000e+03   1.8584331e+02
   1.5970000e+03   1.8709493e+02
   1.6030000e+03   1.8837295e+02
   1.6090000e+03   1.8967316e+02
   1.6150000e+03   1.9096814e+02
   1.6210000e+03   1.9227473e+02
   1.6270000e+03   1.9357456e+02
   1.6330000e+03   1.9487121e+02
   1.6390000e+03   1.9614660e+02
   1.6450000e+03   1.9742059e+02
   1.6510000e+03   1.9871537e+02
   1.6570000e+03   1.9998034e+02
   1.6630000e+03   2.0130308e+02
   1.6690000e+03   2.0260031e+02
   1.6750000e+03   2.0392238e+02
   1.6810000e+03   2.0524165e+02
   1.6870000e+03   2.0656557e+02
   1.6930000e+03   2.0787343e+02
   1.6990000e+03   2.0922390e+02
   1.7050000e+03   2.1054576e+02
   1.7110000e+03   2.1190808e+02
   1.7170000e+03   2.1323684e+02
   1.7230000e+03   2.1455811e+02
   1.7290000e+03   2.1592191e+02
   1.7350000e+03   2.1727775e+02
   1.7410000e+03   2.1865133e+02
   1.7470000e+03   2.2001932e+02
   1.7530000e+03   2.2138618e+02
   1.7590000e+03   2.2275559e+02
   1.7650000e+03   2.2410662e+02
   1.7710000e+03   2.2546325e+02
   1.7770000e+03   2.2682445e+02
   1.7830000e+03   2.2819830e+02
   1.7890000e+03   2.2958251e+02
   1.7950000e+03   2.3099413e+02
   1.8010000e+03   2.3237638e+02
   1.8070000e+03   2.3376530e+02
   1.8130000e+03   2.3515720e+02
   1.8190000e+03   2.3657498e+02
   1.8250000e+03   2.3795140e+02
   1.8310000e+03   2.3942094e+02
   1.8370000e+03   2.4090593e+02
   1.8430000e+03   2.4238382e+02
   1.8490000e+03   2.4382393e+02
   1.8550000e+03   2.4527677e+02
   1.8610000e+03   2.4671813e+02
   1.8670000e+03   2.4816904e+02
   1.8730000e+03   2.4965292e+02
   1.8790000e+03   2.5109733e+02
   1.8850000e+03   2.5255416e+02
   1.8910000e+03   2.5401321e+02
   1.8970000e+03   2.5550230e+02
   1.9030000e+03   2.5695831e+02
   1.9090000e+03   2.5841427e+02
   1.9150000e+03   2.5987640e+02
   1.9210000e+03   2.6135474e+02
   1.9270000e+03   2.6285333e+02
   1.9330000e+03   2.6432692e+02
   1.9390000e+03   2.6580003e+02
   1.9450000e+03   2.6727416e+02
   1.9510000e+03   2.6879656e+02
   1.9570000e+03   2.7031439e+02
   1.9630000e+03   2.7180637e+02
   1.9690000e+03   2.7329763e+02
   1.9750000e+03   2.7480716e+02
   1.9810000e+03   2.7632797e+02
   1.9870000e+03   2.7784380e+02
   1.9930000e+03   2.7937234e+02
   1.9990000e+03   2.8091366e+02
   2.0050000e+03   2.8242954e+02
   2.0110000e+03   2.8395665e+02
   2.0170000e+03   2.8551908e+02
   2.0230000e+03   2.8707187e+02
   2.0290000e+03   2.8860834e+02
   2.0350000e+03   2.9014821e+02
   2.0410000e+03   2.9170528e+02
   2.0470000e+03   2.9325925e+02
   2.0530000e+03   2.9481053e+02
   2.0590000e+03   2.9637227e+02
   2.0650000e+03   2.9794606e+02
   2.0710000e+03   2.9950638e+02
   2.0770000e+03   3.0107330e+02
   2.0830000e+03   3.0264375e+02
   2.0890000e+03   3.0418236e+02
   2.0950000e+03   3.0572186e+02
   2.1010000e+03   3.0723856e+02
   2.1070000e+03   3.0878881e+02
   2.1130000e+03   3.1031896e+02
   2.1190000e+03   3.1187173e+02
   2.1250000e+03   3.1346919e+02
   2.1310000e+03   3.1506768e+02
   2.1370000e+03   3.1669182e+02
   2.1430000e+03   3.1828144e+02
   2.1490000e+03   3.1983929e+02
   2.1550000e+03   3.2140702e+02
   2.1610000e+03   3.2298184e+02
   2.1670000e+03   3.2457859e+02
   2.1730000e+03   3.2615482e+02
   2.1790000e+03   3.2777394e+02
   2.1850000e+03   3.2937814e+02
   2.1910000e+03   3.3100703e+02
   2.1970000e+03   3.3262514e+02
   2.2030000e+03   3.3425387e+02
   2.2090000e+03   3.3586904e+02
   2.2150000e+03   3.3752592e+02
   2.2210000e+03   3.3917632e+02
   2.2270000e+03   3.4079669e+02
   2.2330000e+03   3.4246339e+02
   2.2390000e+03   3.4412097e+02
   2.2450000e+03   3.4575478e+02
   2.2510000e+03   3.4743107e+02
   2.2570000e+03   3.4909120e+02
   2.2630000e+03   3.5081432e+02
   2.2690000e+03   3.5246719e+02
   2.2750000e+03   3.5415709e+02
   2.2810000e+03   3.5581983e+02
   2.2870000e+03   3.5752317e+02
   2.2930000e+03   3.5917010e+02
   2.2990000e+03   3.6081740e+02
   2.3050000e+03   3.6247255e+02
   2.3110000e+03   3.6416511e+02
   2.3170000e+03   3.6587526e+02
   2.3230000e+03   3.6753782e+02
   2.3290000e+03   3.6924495e+02
   2.3350000e+03   3.7095220e+02
   2.3410000e+03   3.7264970e+02
   2.3470000e+03   3.7435637e+02
   2.3530000e+03   3.7606999e+02
   2.3590000e+03   3.7779495e+02
   2.3650000e+03   3.7956129e+02
   2.3710000e+03   3.8128117e+02
   2.3770000e+03   3.8300281e+02
   2.3830000e+03   3.8470977e+02
   2.3890000e+03   3.8645060e+02
   2.3950000e+03   3.8823944e+02
   2.4010000e+03   3.9000253e+02
   2.4070000e+03   3.9177043e+02
   2.4130000e+03   3.9354546e+02
   2.4190000e+03   3.9530038e+02
   2.4250000e+03   3.9709248e+02
   2.4310000e+03   3.9886251e+02
   2.4370000e+03   4.0061212e+02
   2.4430000e+03   4.0239152e+02
   2.4490000e+03   4.0417205e+02
   2.4550000e+03   4.0593631e+02
   2.4610000e+03   4.0774886e+02
   2.4670000e+03   4.0954680e+02
   2.4730000e+03   4.1133500e+02
   2.4790000e+03   4.1308940e+02
   2.4850000e+03   4.1489911e+02
   2.4910000e+03   4.1671314e+02
   2.4970000e+03   4.1852926e+02
   2.5030000e+03   4.2035692e+02
   2.5090000e+03   4.2214888e+02
   2.5150000e+03   4.2397394e+02
   2.5210000e+03   4.2578198e+02
   2.5270000e+03   4.2758623e+02
   2.5330000e+03   4.2941484e+02
   2.5390000e+03   4.3124032e+02
   2.5450000e+03   4.3305540e+02
   2.5510000e+03   4.3485726e+02
   2.5570000e+03   4.3669627e+02
   2.5630000e+03   4.3851629e+02
   2.5690000e+03   4.4033142e+02
   2.5750000e+03   4.4217994e+02
   2.5810000e+03   4.4403080e+02
   2.5870000e+03   4.4589433e+02
   2.5930000e+03   4.4773586e+02
   2.5990000e+03   4.4958257e+02
   2.6050000e+03   4.5144935e+02
   2.6110000e+03   4.5330557e+02
   2.6170000e+03   4.5516812e+02
   2.6230000e+03   4.5700679e+02
   2.6290000e+03   4.5887828e+02
   2.6350000e+03   4.6073622e+02
   2.6410000e+03   4.6259404e+02
   2.6470000e+03   4.6445301e+02
   2.6530000e+03   4.6632929e+02
   2.6590000e+03   4.6824167e+02
   2.6650000e+03   4.7013759e+02
   2.6710000e+03   4.7201452e+02
   2.6770000e+03   4.7388231e+02
   2.6830000e+03   4.7579009e+02
   2.6890000e+03   4.7772496e+02
   2.6950000e+03   4.7962670e+02
   2.7010000e+03   4.8153134e+02
   2.7070000e+03   4.8344025e+02
   2.7130000e+03   4.8533128e+02
   2.7190000e+03   4.8724573e+02
   2.7250000e+03   4.8916615e+02
   2.7310000e+03   4.9109268e+02
   2.7370000e+03   4.9303113e+02
   2.7430000e+03   4.9497427e+02
   2.7490000e+03   4.9688860e+02
   2.7550000e+03   4.9882589e+02
   2.7610000e+03   5.0077634e+02
   2.7670000e+03   5.0274356e+02
   2.7730000e+03   5.0469028e+02
   2.7790000e+03   5.0666065e+02
   2.7850000e+03   5.0862096e+02
   2.7910000e+03   5.1061150e+02
   2.7970000e+03   5.1257554e+02
   2.8030000e+03   5.1454354e+02
   2.8090000e+03   5.1647514e+02
   2.8150000e+03   5.1843194e+02
   2.8210000e+03   5.2039446e+02
   2.8270000e+03   5.2239579e+02
   2.8330000e+03   5.2438374e+02
   2.8390000e+03   5.2637252e+02
   2.8450000e+03   5.2834919e+02
   2.8510000e+03   5.3034989e+02
   2.8570000e+03   5.3237251e+02
   2.8630000e+03   5.3437819e+02
   2.8690000e+03   5.3636598e+02
   2.8750000e+03   5.3836506e+02
   2.8810000e+03   5.4035807e+02
   2.8870000e+03   5.4234356e+02
   2.8930000e+03   5.4437228e+02
   2.8990000e+03   5.4636334e+02
   2.9050000e+03   5.4835988e+02
   2.9110000e+03   5.5034059e+02
   2.9170000e+03   5.5237143e+02
   2.9230000e+03   5.5439179e+02
   2.9290000e+03   5.5641076e+02
   2.9350000e+03   5.5842960e+02
   2.9410000e+03   5.6044200e+02
   2.9470000e+03   5.6249231e+02
   2.9530000e+03   5.6451143e+02
   2.9590000e+03   5.6653016e+02
   2.9650000e+03   5.6855669e+02
   2.9710000e+03   5.7064527e+02
   2.9770000e+03   5.7272904e+02
   2.9830000e+03   5.7482096e+02
   2.9890000e+03   5.7688099e+02
   2.9950000e+03   5.7893032e+02
   3.0010000e+03   5.8103616e+02
   3.0070000e+03   5.8311956e+02
   3.0130000e+03   5.8518153e+02
   3.0190000e+03   5.8726206e+02
   3.0250000e+03   5.8934109e+02
   3.0310000e+03   5.9141905e+02
   3.0370000e+03   5.9347096e+02
   3.0430000e+03   5.9553480e+02
   3.0490000e+03   5.9759619e+02
   3.0550000e+03   5.9972010e+02
   3.0610000e+03   6.0182307e+02
   3.0670000e+03   6.0391674e+02
   3.0730000e+03   6.0600152e+02
   3.0790000e+03   6.0807351e+02
   3.0850000e+03   6.1015979e+02
   3.0910000e+03   6.1224447e+02
   3.0970000e+03   6.1435026e+02
   3.1030000e+03   6.1643299e+02
   3.1090000e+03   6.1853618e+02
   3.1150000e+03   6.2065231e+02
   3.1210000e+03   6.2274385e+02
   3.1270000e+03   6.2483392e+02
   3.1330000e+03   6.2696476e+02
   3.1390000e+03   6.2907049e+02
   3.1450000e+03   6.3121244e+02
   3.1510000e+03   6.3335393e+02
   3.1570000e+03   6.3547156e+02
   3.1630000e+03   6.3758638e+02
   3.1690000e+03   6.3973367e+02
   3.1750000e+03   6.4187908e+02
   3.1810000e+03   6.4403370e+02
   3.1870000e+03   6.4616966e+02
   3.1930000e+03   6.4836073e+02
   3.1990000e+03   6.5050138e+02
   3.2050000e+03   6.5266467e+02
   3.2110000e+03   6.5480788e+02
   3.2170000e+03   6.5695428e+02
   3.2230000e+03   6.5910091e+02
   3.2290000e+03   6.6127189e+02
   3.2350000e+03   6.6345615e+02
   3.2410000e+03   6.6564307e+02
   3.2470000e+03   6.6785452e+02
   3.2530000e+03   6.7001974e+02
   3.2590000e+03   6.7219848e+02
   3.2650000e+03   6.7439128e+02
   3.2710000e+03   6.7656124e+02
   3.2770000e+03   6.7874059e+02
   3.2830000e+03   6.8093449e+02
   3.2890000e+03   6.8314240e+02
   3.2950000e+03   6.8533963e+02
   3.3010000e+03   6.8756199e+02
   3.3070000e+03   6.8976328e+02
   3.3130000e+03   6.9196881e+02
   3.3190000e+03   6.9417592e+02
   3.3250000e+03   6.9638179e+02
   3.3310000e+03   6.9859626e+02
   3.3370000e+03   7.0079616e+02
   3.3430000e+03   7.0302134e+02
   3.3490000e+03   7.0524900e+02
   3.3550000e+03   7.0748710e+02
   3.3610000e+03   7.0973176e+02
   3.3670000e+03   7.1197347e+02
   3.3730000e+03   7.1421589e+02
   3.3790000e+03   7.1643632e+02
   3.3850000e+03   7.1866783e+02
   3.3910000e+03   7.2089618e+02
   3.3970000e+03   7.2311993e+02
   3.4030000e+03   7.2539862e+02
   3.4090000e+03   7.2763186e+02
   3.4150000e+03   7.2991129e+02
   3.4210000e+03   7.3213670e+02
   3.4270000e+03   7.3443278e+02
   3.4330000e+03   7.3669290e+02
   3.4390000e+03   7.3895078e+02
   3.4450000e+03   7.4122117e+02
   3.4510000e+03   7.4346024e+02
   3.4570000e+03   7.4571399e+02
   3.4630000e+03   7.4799775e+02
   3.4690000e+03   7.5028032e+02
   3.4750000e+03   7.5255423e+02
   3.4810000e+03   7.5486349e+02
   3.4870000e+03   7.5716529e+02
   3.4930000e+03   7.5946935e+02
   3.4990000e+03   7.6176152e+02
   3.5050000e+03   7.6405781e+02
   3.5110000e+03   7.6631656e+02
   3.5170000e+03   7.6856887e+02
   3.5230000e+03   7.7081333e+02
   3.5290000e+03   7.7302888e+02
   3.5350000e+03   7.7528795e+02
   3.5410000e+03   7.7756757e+02
   3.5470000e+03   7.7986439e+02
   3.5530000e+03   7.8223115e+02
   3.5590000e+03   7.8451122e+02
   3.5650000e+03   7.8682634e+02
   3.5710000e+03   7.8915747e+02
   3.5770000e+03   7.9146893e+02
   3.5830000e+03   7.9377586e+02
   3.5890000e+03   7.9613148e+02
   3.5950000e+03   7.9842255e+02
   3.6010000e+03   8.0076521e+02
   3.6070000e+03   8.0308568e+02
   3.6130000e+03   8.0537707e+02
   3.6190000e+03   8.0771527e+02
   3.6250000e+03   8.1002104e+02
   3.6310000e+03   8.1235869e+02
   3.6370000e+03   8.1469988e+02
   3.6430000e+03   8.1704821e+02
   3.6490000e+03   8.1939011e+02
   3.6550000e+03   8.2171777e+02
   3.6610000e+03   8.2407084e+02
   3.6670000e+03   8.2641769e+02
   3.6730000e+03   8.2875722e+02
   3.6790000e+03   8.3110873e+02
   3.6850000e+03   8.3343453e+02
   3.6910000e+03   8.3579439e+02
   3.6970000e+03   8.3818951e+02
   3.7030000e+03   8.4056848e+02
   3.7090000e+03   8.4295761e+02
   3.7150000e+03   8.4534732e+02
   3.7210000e+03   8.4776976e+02
   3.7270000e+03   8.5019182e+02
   3.7330000e+03   8.5259551e+02
   3.7390000e+03   8.5494944e+02
   3.7450000e+03   8.5735597e+02
   3.7510000e+03   8.5970796e+02
   3.7570000e+03   8.6209785e+02
   3.7630000e+03   8.6450894e+02
   3.7690000e+03   8.6689933e+02
   3.7750000e+03   8.6928322e+02
   3.7810000e+03   8.7162568e+02
   3.7870000e+03   8.7404548e+02
   3.7930000e+03   8.7641072e+02
   3.7990000e+03   8.7880368e+02
   3.8050000e+03   8.8119232e+02
   3.8110000e+03   8.8362929e+02
   3.8170000e+03   8.8607583e+02
   3.8230000e+03   8.8857113e+02
   3.8290000e+03   8.9098407e+02
   3.8350000e+03   8.9338609e+02
   3.8410000e+03   8.9583781e+02
   3.8470000e+03   8.9826283e+02
   3.8530000e+03   9.0063963e+02
   3.8590000e+03   9.0303553e+02
   3.8650000e+03   9.0548758e+02
   3.8710000e+03   9.0788925e+02
   3.8770000e+03   9.1028514e+02
   3.8830000e+03   9.1268353e+02
   3.8890000e+03   9.1508194e+02
   3.8950000e+03   9.1753957e+02
   3.9010000e+03   9.1998519e+02
   3.9070000e+03   9.2238473e+02
   3.9130000e+03   9.2480141e+02
   3.9190000e+03   9.2721183e+02
   3.9250000e+03   9.2964734e+02
   3.9310000e+03   9.3208899e+02
   3.9370000e+03   9.3455837e+02
   3.9430000e+03   9.3697449e+02
   3.9490000e+03   9.3940269e+02
   3.9550000e+03   9.4184121e+02
   3.9610000e+03   9.4431896e+02
   3.9670000e+03   9.4676323e+02
   3.9730000e+03   9.4923111e+02
   3.9790000e+03   9.5167913e+02
   3.9850000e+03   9.5409024e+02
   3.9910000e+03   9.5650005e+02
   3.9970000e+03   9.5893610e+02
   4.0030000e+03   9.6139776e+02
   4.0090000e+03   9.6385629e+02
   4.0150000e+03   9.6627729e+02
   4.0210000e+03   9.6868991e+02
   4.0270000e+03   9.7114394e+02
   4.0330000e+03   9.7362423e+02
   4.0390000e+03   9.7607129e+02
   4.0450000e+03   9.7854169e+02
   4.0510000e+03   9.8103048e+02
   4.0570000e+03   9.8350576e+02
   4.0630000e+03   9.8601856e+02
   4.0690000e+03   9.8853257e+02
   4.0750000e+03   9.9105054e+02
   4.0810000e+03   9.9354593e+02
   4.0870000e+03   9.9604910e+02
   4.0930000e+03   9.9856975e+02
   4.0990000e+03   1.0010971e+03
   4.1050000e+03   1.0036054e+03
   4.1110000e+03   1.0061144e+03
   4.1170000e+03   1.0086581e+03
   4.1230000e+03   1.0111619e+03
   4.1290000e+03   1.0136981e+03
   4.1350000e+03   1.0162127e+03
   4.1410000e+03   1.0187226e+03
   4.1470000e+03   1.0212320e+03
   4.1530000e+03   1.0238170e+03
   4.1590000e+03   1.0263362e+03
   4.1650000e+03   1.0288593e+03
   4.1710000e+03   1.0313827e+03
   4.1770000e+03   1.0339287e+03
   4.1830000e+03   1.0364483e+03
   4.1890000e+03   1.0389876e+03
   4.1950000e+03   1.0415238e+03
   4.2010000e+03   1.0440479e+03
   4.2070000e+03   1.0465863e+03
   4.2130000e+03   1.0491228e+03
   4.2190000e+03   1.0516291e+03
   4.2250000e+03   1.0542002e+03
   4.2310000e+03   1.0567533e+03
   4.2370000e+03   1.0593289e+03
   4.2430000e+03   1.0618874e+03
   4.2490000e+03   1.0644454e+03
   4.2550000e+03   1.0669979e+03
   4.2610000e+03   1.0695779e+03
   4.2670000e+03   1.0721489e+03
   4.2730000e+03   1.0747080e+03
   4.2790000e+03   1.0773035e+03
   4.2850000e+03   1.0798941e+03
   4.2910000e+03   1.0824188e+03
   4.2970000e+03   1.0849732e+03
   4.3030000e+03   1.0875537e+03
   4.3090000e+03   1.0902127e+03
   4.3150000e+03   1.0928377e+03
   4.3210000e+03   1.0954477e+03
   4.3270000e+03   1.0980410e+03
   4.3330000e+03   1.1006326e+03
   4.3390000e+03   1.1032133e+03
   4.3450000e+03   1.1057995e+03
   4.3510000e+03   1.1083776e+03
   4.3570000e+03   1.1109736e+03
   4.3630000e+03   1.1135766e+03
   4.3690000e+03   1.1161798e+03
   4.3750000e+03   1.1188046e+03
   4.3810000e+03   1.1214118e+03
   4.3870000e+03   1.1240610e+03
   4.3930000e+03   1.1266798e+03
   4.3990000e+03   1.1293196e+03
   4.4050000e+03   1.1319404e+03
   4.4110000e+03   1.1345801e+03
   4.4170000e+03   1.1372038e+03
   4.4230000e+03   1.1398840e+03
   4.4290000e+03   1.1425430e+03
   4.4350000e+03   1.1451835e+03
   4.4410000e+03   1.1478481e+03
   4.4470000e+03   1.1505379e+03
   4.4530000e+03   1.1531859e+03
   4.4590000e+03   1.1558487e+03
   4.4650000e+03   1.1584890e+03
   4.4710000e+03   1.1611358e+03
   4.4770000e+03   1.1637820e+03
   4.4830000e+03   1.1664545e+03
   4.4890000e+03   1.1691249e+03
   4.4950000e+03   1.1717811e+03
   4.5010000e+03   1.1744353e+03
   4.5070000e+03   1.1771137e+03
   4.5130000e+03   1.1798019e+03
   4.5190000e+03   1.1824545e+03
   4.5250000e+03   1.1851146e+03
   4.5310000e+03   1.1877802e+03
   4.5370000e+03   1.1904395e+03
   4.5430000e+03   1.1931011e+03
   4.5490000e+03   1.1957188e+03
   4.5550000e+03   1.1984296e+03
   4.5610000e+03   1.2011135e+03
   4.5670000e+03   1.2037828e+03
   4.5730000e+03   1.2064736e+03
   4.5790000e+03   1.2091507e+03
   4.5850000e+03   1.2118201e+03
   4.5910000e+03   1.2144861e+03
   4.5970000e+03   1.2171607e+03
   4.6030000e+03   1.2198039e+03
   4.6090000e+03   1.2224313e+03
   4.6150000e+03   1.2250522e+03
   4.6210000e+03   1.2277169e+03
   4.6270000e+03   1.2304459e+03
   4.6330000e+03   1.2331681e+03
   4.6390000e+03   1.2359196e+03
   4.6450000e+03   1.2386265e+03
   4.6510000e+03   1.2413444e+03
   4.6570000e+03   1.2440116e+03
   4.6630000e+03   1.2467007e+03
   4.6690000e+03   1.2494264e+03
   4.6750000e+03   1.2521738e+03
   4.6810000e+03   1.2549544e+03
   4.6870000e+03   1.2576535e+03
   4.6930000e+03   1.2603956e+03
   4.6990000e+03   1.2631488e+03
   4.7050000e+03   1.2658868e+03
   4.7110000e+03   1.2686451e+03
   4.7170000e+03   1.2713582e+03
   4.7230000e+03   1.2741222e+03
   4.7290000e+03   1.2768550e+03
   4.7350000e+03   1.2795717e+03
   4.7410000e+03   1.2823357e+03
   4.7470000e+03   1.2850484e+03
   4.7530000e+03   1.2877630e+03
   4.7590000e+03   1.2904697e+03
   4.7650000e+03   1.2932142e+03
   4.7710000e+03   1.2959169e+03
   4.7770000e+03   1.2986581e+03
   4.7830000e+03   1.3013742e+03
   4.7890000e+03   1.3040935e+03
   4.7950000e+03   1.3068565e+03
   4.8010000e+03   1.3095827e+03
   4.8070000e+03   1.3123304e+03
   4.8130000e+03   1.3150904e+03
   4.8190000e+03   1.3178369e+03
   4.8250000e+03   1.3205676e+03
   4.8310000e+03   1.3233219e+03
   4.8370000e+03   1.3260703e+03
   4.8430000e+03   1.3287906e+03
   4.8490000e+03   1.3315636e+03
   4.8550000e+03   1.3343709e+03
   4.8610000e+03   1.3371422e+03
   4.8670000e+03   1.3399493e+03
   4.8730000e+03   1.3428044e+03
   4.8790000e+03   1.3456118e+03
   4.8850000e+03   1.3484070e+03
   4.8910000e+03   1.3511985e+03
   4.8970000e+03   1.3539594e+03
   4.9030000e+03   1.3567313e+03
   4.9090000e+03   1.3595287e+03
   4.9150000e+03   1.3623310e+03
   4.9210000e+03   1.3651158e+03
   4.9270000e+03   1.3679083e+03
   4.9330000e+03   1.3706925e+03
   4.9390000e+03   1.3734844e+03
   4.9450000e+03   1.3763439e+03
   4.9510000e+03   1.3791559e+03
   4.9570000e+03   1.3819869e+03
   4.9630000e+03   1.3847922e+03
   4.9690000e+03   1.3876009e+03
   4.9750000e+03   1.3904460e+03
   4.9810000e+03   1.3932760e+03
   4.9870000e+03   1.3960683e+03
   4.9930000e+03   1.3988934e+03
   4.9990000e+03   1.4016456e+03
   5.0050000e+03   1.4043794e+03
   5.0110000e+03   1.4071285e+03
   5.0170000e+03   1.4099541e+03
   5.0230000e+03   1.4128158e+03
   5.0290000e+03   1.4156585e+03
   5.0350000e+03   1.4184815e+03
   5.0410000e+03   1.4212956e+03
   5.0470000e+03   1.4241367e+03
   5.0530000e+03   1.4269976e+03
   5.0590000e+03   1.4298028e+03
   5.0650000e+03   1.4326313e+03
   5.0710000e+03   1.4354296e+03
   5.0770000e+03   1.4382362e+03
   5.0830000e+03   1.4411081e+03
   5.0890000e+03   1.4439274e+03
   5.0950000e+03   1.4467739e+03
   5.1010000e+03   1.4496703e+03
   5.1070000e+03   1.4525770e+03
   5.1130000e+03   1.4554472e+03
   5.1190000e+03   1.4583225e+03
   5.1250000e+03   1.4611443e+03
   5.1310000e+03   1.4639985e+03
   5.1370000e+03   1.4668714e+03
   5.1430000e+03   1.4697329e+03
   5.1490000e+03   1.4725799e+03
   5.1550000e+03   1.4754850e+03
   5.1610000e+03   1.4783337e+03
   5.1670000e+03   1.4811852e+03
   5.1730000e+03   1.4840029e+03
   5.1790000e+03   1.4868512e+03
   5.1850000e+03   1.4896977e+03
   5.1910000e+03   1.4925604e+03
   5.1970000e+03   1.4954126e+03
   5.2030000e+03   1.4982539e+03
   5.2090000e+03   1.5011100e+03
   5.2150000e+03   1.5039579e+03
   5.2210000e+03   1.5067858e+03
   5.2270000e+03   1.5096453e+03
   5.2330000e+03   1.5125265e+03
   5.2390000e+03   1.5154076e+03
   5.2450000e+03   1.5182646e+03
   5.2510000e+03   1.5211376e+03
   5.2570000e+03   1.5240254e+03
   5.2630000e+03   1.5268847e+03
   5.2690000e+03   1.5297497e+03
   5.2750000e+03   1.5326181e+03
   5.2810000e+03   1.5354686e+03
   5.2870000e+03   1.5382796e+03
   5.2930000e+03   1.5411273e+03
   5.2990000e+03   1.5439764e+03
   5.3050000e+03   1.5468815e+03
   5.3110000e+03   1.5497780e+03
   5.3170000e+03   1.5526417e+03
   5.3230000e+03   1.5555437e+03
   5.3290000e+03   1.5584822e+03
   5.3350000e+03   1.5613658e+03
   5.3410000e+03   1.5642649e+03
   5.3470000e+03   1.5671797e+03
   5.3530000e+03   1.5701573e+03
   5.3590000e+03   1.5730678e+03
   5.3650000e+03   1.5759396e+03
   5.3710000e+03   1.5788766e+03
   5.3770000e+03   1.5817747e+03
   5.3830000e+03   1.5846882e+03
   5.3890000e+03   1.5876154e+03
   5.3950000e+03   1.5904980e+03
   5.4010000e+03   1.5933755e+03
   5.4070000e+03   1.5962623e+03
   5.4130000e+03   1.5991469e+03
   5.4190000e+03   1.6020508e+03
   5.4250000e+03   1.6049312e+03
   5.4310000e+03   1.6078589e+03
   5.4370000e+03   1.6107589e+03
   5.4430000e+03   1.6136542e+03
   5.4490000e+03   1.6165965e+03
   5.4550000e+03   1.6195392e+03
   5.4610000e+03   1.6224468e+03
   5.4670000e+03   1.6253677e+03
   5.4730000e+03   1.6282306e+03
   5.4790000e+03   1.6311325e+03
   5.4850000e+03   1.6340735e+03
   5.4910000e+03   1.6369684e+03
   5.4970000e+03   1.6398952e+03
   5.5030000e+03   1.6428088e+03
   5.5090000e+03   1.6457077e+03
   5.5150000e+03   1.6486260e+03
   5.5210000e+03   1.6516044e+03
   5.5270000e+03   1.6545662e+03
   5.5330000e+03   1.6574912e+03
   5.5390000e+03   1.6603934e+03
   5.5450000e+03   1.6633015e+03
   5.5510000e+03   1.6662378e+03
   5.5570000e+03   1.6691952e+03
   5.5630000e+03   1.6721206e+03
   5.5690000e+03   1.6750021e+03
   5.5750000e+03   1.6779211e+03
   5.5810000e+03   1.6808281e+03
   5.5870000e+03   1.6837433e+03
   5.5930000e+03   1.6866499e+03
   5.5990000e+03   1.6895708e+03
   5.6050000e+03   1.6924959e+03
   5.6110000e+03   1.6953970e+03
   5.6170000e+03   1.6983209e+03
   5.6230000e+03   1.7012449e+03
   5.6290000e+03   1.7041478e+03
   5.6350000e+03   1.7070525e+03
   5.6410000e+03   1.7099673e+03
   5.6470000e+03   1.7128783e+03
   5.6530000e+03   1.7158171e+03
   5.6590000e+03   1.7187847e+03
   5.6650000e+03   1.7217107e+03
   5.6710000e+03   1.7246326e+03
   5.6770000e+03   1.7275738e+03
   5.6830000e+03   1.7305284e+03
   5.6890000e+03   1.7334840e+03
   5.6950000e+03   1.7364378e+03
   5.7010000e+03   1.7393451e+03
   5.7070000e+03   1.7423114e+03
   5.7130000e+03   1.7453026e+03
   5.7190000e+03   1.7482490e+03
   5.7250000e+03   1.7511951e+03
   5.7310000e+03   1.7541676e+03
   5.7370000e+03   1.7570867e+03
   5.7430000e+03   1.7600386e+03
   5.7490000e+03   1.7629777e+03
   5.7550000e+03   1.7658914e+03
   5.7610000e+03   1.7688640e+03
   5.7670000e+03   1.7718549e+03
   5.7730000e+03   1.7748290e+03
   5.7790000e+03   1.7778138e+03
   5.7850000e+03   1.7807835e+03
   5.7910000e+03   1.7837686e+03
   5.7970000e+03   1.7867178e+03
   5.8030000e+03   1.7896545e+03
   5.8090000e+03   1.7926444e+03
   5.8150000e+03   1.7956279e+03
   5.8210000e+03   1.7985859e+03
   5.8270000e+03   1.8015898e+03
   5.8330000e+03   1.8045721e+03
   5.8390000e+03   1.8075584e+03
   5.8450000e+03   1.8105431e+03
   5.8510000e+03   1.8135262e+03
   5.8570000e+03   1.8164436e+03
   5.8630000e+03   1.8193938e+03
   5.8690000e+03   1.8223592e+03
   5.8750000e+03   1.8253223e+03
   5.8810000e+03   1.8283236e+03
   5.8870000e+03   1.8312719e+03
   5.8930000e+03   1.8342343e+03
   5.8990000e+03   1.8371882e+03
   5.9050000e+03   1.8401537e+03
   5.9110000e+03   1.8431047e+03
   5.9170000e+03   1.8460696e+03
   5.9230000e+03   1.8490647e+03
   5.9290000e+03   1.8520840e+03
   5.9350000e+03   1.8551140e+03
   5.9410000e+03   1.8581141e+03
   5.9470000e+03   1.8610880e+03
   5.9530000e+03   1.8640811e+03
   5.9590000e+03   1.8670713e+03
   5.9650000e+03   1.8700767e+03
   5.9710000e+03   1.8730764e+03
   5.9770000e+03   1.8760400e+03
   5.9830000e+03   1.8790541e+03
   5.9890000e+03   1.8820837e+03
   5.9950000e+03   1.8851060e+03
   6.0010000e+03   1.8881059e+03
   6.0070000e+03   1.8911289e+03
   6.0130000e+03   1.8941494e+03
   6.0190000e+03   1.8972096e+03
   6.0250000e+03   1.9002232e+03
   6.0310000e+03   1.9032405e+03
   6.0370000e+03   1.9062426e+03
   6.0430000e+03   1.9092594e+03
   6.0490000e+03   1.9122614e+03
   6.0550000e+03   1.9152985e+03
   6.0610000e+03   1.9183008e+03
   6.0670000e+03   1.9213297e+03
   6.0730000e+03   1.9243706e+03
   6.0790000e+03   1.9274170e+03
   6.0850000e+03   1.9304825e+03
   6.0910000e+03   1.9335788e+03
   6.0970000e+03   1.9366582e+03
   6.1030000e+03   1.9396820e+03
   6.1090000e+03   1.9427806e+03
   6.1150000e+03   1.9458218e+03
   6.1210000e+03   1.9488899e+03
   6.1270000e+03   1.9519255e+03
   6.1330000e+03   1.9549767e+03
   6.1390000e+03   1.9580692e+03
   6.1450000e+03   1.9611757e+03
   6.1510000e+03   1.9643040e+03
   6.1570000e+03   1.9676355e+03
   6.1630000e+03   1.9709818e+03
   6.1690000e+03   1.9742701e+03
   6.1750000e+03   1.9776151e+03
   6.1810000e+03   1.9809388e+03
   6.1870000e+03   1.9842875e+03
   6.1930000e+03   1.9876046e+03
   6.1990000e+03   1.9909069e+03
   6.2050000e+03   1.9942285e+03
   6.2110000e+03   1.9976040e+03
   6.2170000e+03   2.0009190e+03
   6.2230000e+03   2.0042548e+03
   6.2290000e+03   2.0075768e+03
   6.2350000e+03   2.0108925e+03
   6.2410000e+03   2.0142096e+03
   6.2470000e+03   2.0176008e+03
   6.2530000e+03   2.0209234e+03
   6.2590000e+03   2.0242815e+03
   6.2650000e+03   2.0276386e+03
   6.2710000e+03   2.0309857e+03
   6.2770000e+03   2.0343241e+03
   6.2830000e+03   2.0376349e+03
   6.2890000e+03   2.0409483e+03
   6.2950000e+03   2.0443150e+03
   6.3010000e+03   2.0476128e+03
   6.3070000e+03   2.0509330e+03
   6.3130000e+03   2.0542177e+03
   6.3190000e+03   2.0574860e+03
   6.3250000e+03   2.0607788e+03
   6.3310000e+03   2.0640739e+03
   6.3370000e+03   2.0674074e+03
   6.3430000e+03   2.0707432e+03
   6.3490000e+03   2.0740586e+03
   6.3550000e+03   2.0773434e+03
   6.3610000e+03   2.0806866e+03
   6.3670000e+03   2.0839955e+03
   6.3730000e+03   2.0873264e+03
   6.3790000e+03   2.0906794e+03
   6.3850000e+03   2.0940443e+03
   6.3910000e+03   2.0974172e+03
   6.3970000e+03   2.1007934e+03
   6.4030000e+03   2.1041592e+03
   6.4090000e+03   2.1075307e+03
   6.4150000e+03   2.1109427e+03
   6.4210000e+03   2.1142960e+03
   6.4270000e+03   2.1176527e+03
   6.4330000e+03   2.1210409e+03
   6.4390000e+03   2.1243504e+03
   6.4450000e+03   2.1276753e+03
   6.4510000e+03   2.1310515e+03
   6.4570000e+03   2.1343817e+03
   6.4630000e+03   2.1376752e+03
   6.4690000e+03   2.1409816e+03
   6.4750000e+03   2.1442701e+03
   6.4810000e+03   2.1476499e+03
   6.4870000e+03   2.1509555e+03
   6.4930000e+03   2.1542642e+03
   6.4990000e+03   2.1575881e+03
   6.5050000e+03   2.1609238e+03
   6.5110000e+03   2.1642825e+03
   6.5170000e+03   2.1676265e+03
   6.5230000e+03   2.1709300e+03
   6.5290000e+03   2.1743195e+03
   6.5350000e+03   2.1776516e+03
   6.5410000e+03   2.1809599e+03
   6.5470000e+03   2.1843461e+03
   6.5530000e+03   2.1876758e+03
   6.5590000e+03   2.1910273e+03
   6.5650000e+03   2.1943482e+03
   6.5710000e+03   2.1976815e+03
   6.5770000e+03   2.2010208e+03
   6.5830000e+03   2.2043443e+03
   6.5890000e+03   2.2076788e+03
   6.5950000e+03   2.2109284e+03
   6.6010000e+03   2.2141288e+03
   6.6070000e+03   2.2173274e+03
   6.6130000e+03   2.2205327e+03
   6.6190000e+03   2.2237183e+03
   6.6250000e+03   2.2268399e+03
   6.6310000e+03   2.2299732e+03
   6.6370000e+03   2.2330775e+03
   6.6430000e+03   2.2362084e+03
   6.6490000e+03   2.2393559e+03
   6.6550000e+03   2.2425612e+03
   6.6610000e+03   2.2457413e+03
   6.6670000e+03   2.2489203e+03
   6.6730000e+03   2.2521170e+03
   6.6790000e+03   2.2552586e+03
   6.6850000e+03   2.2584223e+03
   6.6910000e+03   2.2616312e+03
   6.6970000e+03   2.2647656e+03
   6.7030000e+03   2.2679253e+03
   6.7090000e+03   2.2711089e+03
   6.7150000e+03   2.2742755e+03
   6.7210000e+03   2.2774366e+03
   6.7270000e+03   2.2806120e+03
   6.7330000e+03   2.2837734e+03
   6.7390000e+03   2.2869494e+03
   6.7450000e+03   2.2901749e+03
   6.7510000e+03   2.2933725e+03
   6.7570000e+03   2.2965564e+03
   6.7630000e+03   2.2997714e+03
   6.7690000e+03   2.3030019e+03
   6.7750000e+03   2.3062674e+03
   6.7810000e+03   2.3095530e+03
   6.7870000e+03   2.3128054e+03
   6.7930000e+03   2.3160621e+03
   6.7990000e+03   2.3193207e+03
   6.8050000e+03   2.3226132e+03
   6.8110000e+03   2.3258965e+03
   6.8170000e+03   2.3290904e+03
   6.8230000e+03   2.3322898e+03
   6.8290000e+03   2.3355435e+03
   6.8350000e+03   2.3387829e+03
   6.8410000e+03   2.3420078e+03
   6.8470000e+03   2.3451807e+03
   6.8530000e+03   2.3483647e+03
   6.8590000e+03   2.3516096e+03
   6.8650000e+03   2.3548572e+03
   6.8710000e+03   2.3581496e+03
   6.8770000e+03   2.3613864e+03
   6.8830000e+03   2.3646397e+03
   6.8890000e+03   2.3678415e+03
   6.8950000e+03   2.3710400e+03
   6.9010000e+03   2.3742631e+03
   6.9070000e+03   2.3774492e+03
   6.9130000e+03   2.3806689e+03
   6.9190000e+03   2.3838386e+03
   6.9250000e+03   2.3870311e+03
   6.9310000e+03   2.3902704e+03
   6.9370000e+03   2.3935233e+03
   6.9430000e+03   2.3967963e+03
   6.9490000e+03   2.4000375e+03
   6.9550000e+03   2.4032155e+03
   6.9610000e+03   2.4064302e+03
   6.9670000e+03   2.4095903e+03
   6.9730000e+03   2.4128036e+03
   6.9790000e+03   2.4160059e+03
   6.9850000e+03   2.4192495e+03
   6.9910000e+03   2.4224618e+03
   6.9970000e+03   2.4255860e+03
   7.0030000e+03   2.4286932e+03
   7.0090000e+03   2.4318458e+03
   7.0150000e+03   2.4350378e+03
   7.0210000e+03   2.4382778e+03
   7.0270000e+03   2.4414475e+03
   7.0330000e+03   2.4446037e+03
   7.0390000e+03   2.4477715e+03
   7.0450000e+03   2.4509358e+03
   7.0510000e+03   2.4540841e+03
   7.0570000e+03   2.4572632e+03
   7.0630000e+03   2.4604875e+03
   7.0690000e+03   2.4638127e+03
   7.0750000e+03   2.4670681e+03
   7.0810000e+03   2.4703117e+03
   7.0870000e+03   2.4736651e+03
   7.0930000e+03   2.4770567e+03
   7.0990000e+03   2.4804071e+03
   7.1050000e+03   2.4838452e+03
   7.1110000e+03   2.4872896e+03
   7.1170000e+03   2.4907087e+03
   7.1230000e+03   2.4941524e+03
   7.1290000e+03   2.4975454e+03
   7.1350000e+03   2.5009244e+03
   7.1410000e+03   2.5042580e+03
   7.1470000e+03   2.5076370e+03
   7.1530000e+03   2.5109646e+03
   7.1590000e+03   2.5142951e+03
   7.1650000e+03   2.5176198e+03
   7.1710000e+03   2.5209615e+03
   7.1770000e+03   2.5243646e+03
   7.1830000e+03   2.5276999e+03
   7.1890000e+03   2.5310895e+03
   7.1950000e+03   2.5344311e+03
   7.2010000e+03   2.5377632e+03
   7.2070000e+03   2.5410919e+03
   7.2130000e+03   2.5444178e+03
   7.2190000e+03   2.5477186e+03
   7.2250000e+03   2.5510598e+03
   7.2310000e+03   2.5543671e+03
   7.2370000e+03   2.5576711e+03
   7.2430000e+03   2.5609830e+03
   7.2490000e+03   2.5643286e+03
   7.2550000e+03   2.5677211e+03
   7.2610000e+03   2.5711573e+03
   7.2670000e+03   2.5744324e+03
   7.2730000e+03   2.5777160e+03
   7.2790000e+03   2.5809762e+03
   7.2850000e+03   2.5842785e+03
   7.2910000e+03   2.5875660e+03
   7.2970000e+03   2.5908629e+03
   7.3030000e+03   2.5941399e+03
   7.3090000e+03   2.5974844e+03
   7.3150000e+03   2.6007510e+03
   7.3210000e+03   2.6040578e+03
   7.3270000e+03   2.6074145e+03
   7.3330000e+03   2.6107771e+03
   7.3390000e+03   2.6141790e+03
   7.3450000e+03   2.6175835e+03
   7.3510000e+03   2.6208948e+03
   7.3570000e+03   2.6241901e+03
   7.3630000e+03   2.6276023e+03
   7.3690000e+03   2.6309808e+03
   7.3750000e+03   2.6343290e+03
   7.3810000e+03   2.6376824e+03
   7.3870000e+03   2.6410162e+03
   7.3930000e+03   2.6443680e+03
   7.3990000e+03   2.6477184e+03
   7.4050000e+03   2.6510954e+03
   7.4110000e+03   2.6544459e+03
   7.4170000e+03   2.6578252e+03
   7.4230000e+03   2.6612650e+03
   7.4290000e+03   2.6646425e+03
   7.4350000e+03   2.6680318e+03
   7.4410000e+03   2.6714032e+03
   7.4470000e+03   2.6747137e+03
   7.4530000e+03   2.6780614e+03
   7.4590000e+03   2.6813599e+03
   7.4650000e+03   2.6846658e+03
   7.4710000e+03   2.6879953e+03
   7.4770000e+03   2.6913337e+03
   7.4830000e+03   2.6946984e+03
   7.4890000e+03   2.6980937e+03
   7.4950000e+03   2.7014555e+03
   7.5010000e+03   2.7048000e+03
   7.5070000e+03   2.7081753e+03
   7.5130000e+03   2.7114754e+03
   7.5190000e+03   2.7147980e+03
   7.5250000e+03   2.7182010e+03
   7.5310000e+03   2.7215715e+03
   7.5370000e+03   2.7248910e+03
   7.5430000e+03   2.7282415e+03
   7.5490000e+03   2.7315626e+03
   7.5550000e+03   2.7348647e+03
   7.5610000e+03   2.7381498e+03
   7.5670000e+03   2.7414598e+03
   7.5730000e+03   2.7448009e+03
   7.5790000e+03   2.7482014e+03
   7.5850000e+03   2.7515522e+03
   7.5910000e+03   2.7549100e+03
   7.5970000e+03   2.7582951e+03
   7.6030000e+03   2.7616470e+03
   7.6090000e+03   2.7650191e+03
   7.6150000e+03   2.7683617e+03
   7.6210000e+03   2.7717163e+03
   7.6270000e+03   2.7750573e+03
   7.6330000e+03   2.7784035e+03
   7.6390000e+03   2.7817652e+03
   7.6450000e+03   2.7851265e+03
   7.6510000e+03   2.7884664e+03
   7.6570000e+03   2.7918409e+03
   7.6630000e+03   2.7951787e+03
   7.6690000e+03   2.7985379e+03
   7.6750000e+03   2.8018556e+03
   7.6810000e+03   2.8052728e+03
   7.6870000e+03   2.8086754e+03
   7.6930000e+03   2.8120614e+03
   7.6990000e+03   2.8153965e+03
   7.7050000e+03   2.8188079e+03
   7.7110000e+03   2.8221997e+03
   7.7170000e+03   2.8255197e+03
   7.7230000e+03   2.8289339e+03
   7.7290000e+03   2.8322348e+03
   7.7350000e+03   2.8355931e+03
   7.7410000e+03   2.8389903e+03
   7.7470000e+03   2.8423702e+03
   7.7530000e+03   2.8457200e+03
   7.7590000e+03   2.8490513e+03
   7.7650000e+03   2.8523904e+03
   7.7710000e+03   2.8558024e+03
   7.7770000e+03   2.8591611e+03
   7.7830000e+03   2.8625162e+03
   7.7890000e+03   2.8658601e+03
   7.7950000e+03   2.8692125e+03
   7.8010000e+03   2.8725829e+03
   7.8070000e+03   2.8759288e+03
   7.8130000e+03   2.8793289e+03
   7.8190000e+03   2.8826600e+03
   7.8250000e+03   2.8859727e+03
   7.8310000e+03   2.8893272e+03
   7.8370000e+03   2.8926469e+03
   7.8430000e+03   2.8959845e+03
   7.8490000e+03   2.8993170e+03
   7.8550000e+03   2.9026581e+03
   7.8610000e+03   2.9059785e+03
   7.8670000e+03   2.9093271e+03
   7.8730000e+03   2.9127429e+03
   7.8790000e+03   2.9161211e+03
   7.8850000e+03   2.9195122e+03
   7.8910000e+03   2.9228425e+03
   7.8970000e+03   2.9261966e+03
   7.9030000e+03   2.9295316e+03
   7.9090000e+03   2.9329956e+03
   7.9150000e+03   2.9363816e+03
   7.9210000e+03   2.9398017e+03
   7.9270000e+03   2.9431817e+03
   7.9330000e+03   2.9465289e+03
   7.9390000e+03   2.9499010e+03
   7.9450000e+03   2.9532222e+03
   7.9510000e+03   2.9566172e+03
   7.9570000e+03   2.9599822e+03
   7.9630000e+03   2.9633910e+03
   7.9690000e+03   2.9667185e+03
   7.9750000e+03   2.9700618e+03
   7.9810000e+03   2.9733990e+03
   7.9870000e+03   2.9767858e+03
   7.9930000e+03   2.9801760e+03
   7.9990000e+03   2.9835220e+03
   8.0050000e+03   2.9868728e+03
   8.0110000e+03   2.9902048e+03
   8.0170000e+03   2.9935750e+03
   8.0230000e+03   2.9968866e+03
   8.0290000e+03   3.0002428e+03
   8.0350000e+03   3.0036051e+03
   8.0410000e+03   3.0069806e+03
   8.0470000e+03   3.0103208e+03
   8.0530000e+03   3.0136463e+03
   8.0590000e+03   3.0169959e+03
   8.0650000e+03   3.0203352e+03
   8.0710000e+03   3.0236819e+03
   8.0770000e+03   3.0270236e+03
   8.0830000e+03   3.0303537e+03
   8.0890000e+03   3.0336915e+03
   8.0950000e+03   3.0370150e+03
   8.1010000e+03   3.0403465e+03
   8.1070000e+03   3.0436948e+03
   8.1130000e+03   3.0470550e+03
   8.1190000e+03   3.0504183e+03
   8.1250000e+03   3.0537750e+03
   8.1310000e+03   3.0571339e+03
   8.1370000e+03   3.0605174e+03
   8.1430000e+03   3.0638690e+03
   8.1490000e+03   3.0671938e+03
   8.1550000e+03   3.0705510e+03
   8.1610000e+03   3.0738576e+03
   8.1670000e+03   3.0771911e+03
   8.1730000e+03   3.0805710e+03
   8.1790000e+03   3.0838918e+03
   8.1850000e+03   3.0872062e+03
   8.1910000e+03   3.0904992e+03
   8.1970000e+03   3.0938955e+03
   8.2030000e+03   3.0972400e+03
   8.2090000e+03   3.1005996e+03
   8.2150000e+03   3.1039574e+03
   8.2210000e+03   3.1073073e+03
   8.2270000e+03   3.1107240e+03
   8.2330000e+03   3.1140847e+03
   8.2390000e+03   3.1174250e+03
   8.2450000e+03   3.1207126e+03
   8.2510000e+03   3.1240682e+03
   8.2570000e+03   3.1274059e+03
   8.2630000e+03   3.1307077e+03
   8.2690000e+03   3.1340219e+03
   8.2750000e+03   3.1373344e+03
   8.2810000e+03   3.1406719e+03
   8.2870000e+03   3.1440052e+03
   8.2930000e+03   3.1473274e+03
   8.2990000e+03   3.1506305e+03
   8.3050000e+03   3.1539615e+03
   8.3110000e+03   3.1572632e+03
   8.3170000e+03   3.1605485e+03
   8.3230000e+03   3.1639073e+03
   8.3290000e+03   3.1672232e+03
   8.3350000e+03   3.1705802e+03
   8.3410000e+03   3.1739228e+03
   8.3470000e+03   3.1772781e+03
   8.3530000e+03   3.1806745e+03
   8.3590000e+03   3.1839184e+03
   8.3650000e+03   3.1872157e+03
   8.3710000e+03   3.1905297e+03
   8.3770000e+03   3.1938125e+03
   8.3830000e+03   3.1971485e+03
   8.3890000e+03   3.2004245e+03
   8.3950000e+03   3.2037101e+03
   8.4010000e+03   3.2070315e+03
   8.4070000e+03   3.2103543e+03
   8.4130000e+03   3.2136963e+03
   8.4190000e+03   3.2169353e+03
   8.4250000e+03   3.2202425e+03
   8.4310000e+03   3.2235530e+03
   8.4370000e+03   3.2268337e+03
   8.4430000e+03   3.2301279e+03
   8.4490000e+03   3.2333915e+03
   8.4550000e+03   3.2366515e+03
   8.4610000e+03   3.2398993e+03
   8.4670000e+03   3.2432687e+03
   8.4730000e+03   3.2466491e+03
   8.4790000e+03   3.2499627e+03
   8.4850000e+03   3.2532510e+03
   8.4910000e+03   3.2565385e+03
   8.4970000e+03   3.2597859e+03
   8.5030000e+03   3.2630485e+03
   8.5090000e+03   3.2663131e+03
   8.5150000e+03   3.2695998e+03
   8.5210000e+03   3.2728619e+03
   8.5270000e+03   3.2760811e+03
   8.5330000e+03   3.2793466e+03
   8.5390000e+03   3.2825903e+03
   8.5450000e+03   3.2858414e+03
   8.5510000e+03   3.2890534e+03
   8.5570000e+03   3.2923331e+03
   8.5630000e+03   3.2956372e+03
   8.5690000e+03   3.2989136e+03
   8.5750000e+03   3.3021543e+03
   8.5810000e+03   3.3054167e+03
   8.5870000e+03   3.3087474e+03
   8.5930000e+03   3.3121257e+03
   8.5990000e+03   3.3154050e+03
   8.6050000e+03   3.3186676e+03
   8.6110000e+03   3.3219178e+03
   8.6170000e+03   3.3252412e+03
   8.6230000e+03   3.3285088e+03
   8.6290000e+03   3.3317933e+03
   8.6350000e+03   3.3350532e+03
   8.6410000e+03   3.3383732e+03
   8.6470000e+03   3.3416394e+03
   8.6530000e+03   3.3448806e+03
   8.6590000e+03   3.3481475e+03
   8.6650000e+03   3.3514089e+03
   8.6710000e+03   3.3546623e+03
   8.6770000e+03   3.3579387e+03
   8.6830000e+03   3.3612079e+03
   8.6890000e+03   3.3644740e+03
   8.6950000e+03   3.3677296e+03
   8.7010000e+03   3.3710482e+03
   8.7070000e+03   3.3743130e+03
   8.7130000e+03   3.3776189e+03
   8.7190000e+03   3.3809073e+03
   8.7250000e+03   3.3841993e+03
   8.7310000e+03   3.3874734e+03
   8.7370000e+03   3.3907495e+03
   8.7430000e+03   3.3940232e+03
   8.7490000e+03   3.3972870e+03
   8.7550000e+03   3.4005769e+03
   8.7610000e+03   3.4038429e+03
   8.7670000e+03   3.4071284e+03
   8.7730000e+03   3.4104036e+03
   8.7790000e+03   3.4136896e+03
   8.7850000e+03   3.4169823e+03
   8.7910000e+03   3.4202634e+03
   8.7970000e+03   3.4234994e+03
   8.8030000e+03   3.4267579e+03
   8.8090000e+03   3.4299935e+03
   8.8150000e+03   3.4332498e+03
   8.8210000e+03   3.4364625e+03
   8.8270000e+03   3.4396810e+03
   8.8330000e+03   3.4428911e+03
   8.8390000e+03   3.4461099e+03
   8.8450000e+03   3.4493138e+03
   8.8510000e+03   3.4525715e+03
   8.8570000e+03   3.4558069e+03
   8.8630000e+03   3.4590339e+03
   8.8690000e+03   3.4622545e+03
   8.8750000e+03   3.4655017e+03
   8.8810000e+03   3.4687631e+03
   8.8870000e+03   3.4719721e+03
   8.8930000e+03   3.4752886e+03
   8.8990000e+03   3.4785464e+03
   8.9050000e+03   3.4818126e+03
   8.9110000e+03   3.4850726e+03
   8.9170000e+03   3.4882953e+03
   8.9230000e+03   3.4915486e+03
   8.9290000e+03   3.4947388e+03
   8.9350000e+03   3.4979761e+03
   8.9410000e+03   3.5012151e+03
   8.9470000e+03   3.5043872e+03
   8.9530000e+03   3.5076366e+03
   8.9590000e+03   3.5108084e+03
   8.9650000e+03   3.5139985e+03
   8.9710000e+03   3.5172584e+03
   8.9770000e+03   3.5205187e+03
   8.9830000e+03   3.5237277e+03
   8.9890000e+03   3.5269455e+03
   8.9950000e+03   3.5301398e+03
   9.0010000e+03   3.5333132e+03
   9.0070000e+03   3.5365478e+03
   9.0130000e+03   3.5397672e+03
   9.0190000e+03   3.5429452e+03
   9.0250000e+03   3.5461603e+03
   9.0310000e+03   3.5493805e+03
   9.0370000e+03   3.5525774e+03
   9.0430000e+03   3.5558059e+03
   9.0490000e+03   3.5590348e+03
   9.0550000e+03   3.5622679e+03
   9.0610000e+03   3.5654788e+03
   9.0670000e+03   3.5686992e+03
   9.0730000e+03   3.5719105e+03
   9.0790000e+03   3.5751154e+03
   9.0850000e+03   3.5782795e+03
   9.0910000e+03   3.5814600e+03
   9.0970000e+03   3.5847118e+03
   9.1030000e+03   3.5879134e+03
   9.1090000e+03   3.5911394e+03
   9.1150000e+03   3.5943348e+03
   9.1210000e+03   3.5975646e+03
   9.1270000e+03   3.6007574e+03
   9.1330000e+03   3.6039908e+03
   9.1390000e+03   3.6072448e+03
   9.1450000e+03   3.6104484e+03
   9.1510000e+03   3.6136219e+03
   9.1570000e+03   3.6168078e+03
   9.1630000e+03   3.6199673e+03
   9.1690000e+03   3.6231775e+03
   9.1750000e+03   3.6263083e+03
   9.1810000e+03   3.6294929e+03
   9.1870000e+03   3.6326605e+03
   9.1930000e+03   3.6357830e+03
   9.1990000e+03   3.6389329e+03
   9.2050000e+03   3.6421235e+03
   9.2110000e+03   3.6452863e+03
   9.2170000e+03   3.6483929e+03
   9.2230000e+03   3.6515132e+03
   9.2290000e+03   3.6547181e+03
   9.2350000e+03   3.6579384e+03
   9.2410000e+03   3.6610817e+03
   9.2470000e+03   3.6642820e+03
   9.2530000e+03   3.6674539e+03
   9.2590000e+03   3.6705973e+03
   9.2650000e+03   3.6737459e+03
   9.2710000e+03   3.6769022e+03
   9.2770000e+03   3.6800535e+03
   9.2830000e+03   3.6831513e+03
   9.2890000e+03   3.6862502e+03
   9.2950000e+03   3.6893822e+03
   9.3010000e+03   3.6925310e+03
   9.3070000e+03   3.6956390e+03
   9.3130000e+03   3.6987238e+03
   9.3190000e+03   3.7018792e+03
   9.3250000e+03   3.7051025e+03
   9.3310000e+03   3.7082498e+03
   9.3370000e+03   3.7113283e+03
   9.3430000e+03   3.7144032e+03
   9.3490000e+03   3.7174688e+03
   9.3550000e+03   3.7205285e+03
   9.3610000e+03   3.7236286e+03
   9.3670000e+03   3.7266978e+03
   9.3730000e+03   3.7298251e+03
   9.3790000e+03   3.7329643e+03
   9.3850000e+03   3.7360563e+03
   9.3910000e+03   3.7390957e+03
   9.3970000e+03   3.7421275e+03
   9.4030000e+03   3.7452028e+03
   9.4090000e+03   3.7483505e+03
   9.4150000e+03   3.7515309e+03
   9.4210000e+03   3.7545840e+03
   9.4270000e+03   3.7576443e+03
   9.4330000e+03   3.7607018e+03
   9.4390000e+03   3.7637510e+03
   9.4450000e+03   3.7668429e+03
   9.4510000e+03   3.7699915e+03
   9.4570000e+03   3.7730587e+03
   9.4630000e+03   3.7761097e+03
   9.4690000e+03   3.7792618e+03
   9.4750000e+03   3.7822838e+03
   9.4810000e+03   3.7852693e+03
   9.4870000e+03   3.7883619e+03
   9.4930000e+03   3.7914999e+03
   9.4990000e+03   3.7945636e+03
   9.5050000e+03   3.7976486e+03
   9.5110000e+03   3.8006968e+03
   9.5170000e+03   3.8038182e+03
   9.5230000e+03   3.8069286e+03
   9.5290000e+03   3.8100595e+03
   9.5350000e+03   3.8131413e+03
   9.5410000e+03   3.8161956e+03
   9.5470000e+03   3.8193270e+03
   9.5530000e+03   3.8224243e+03
   9.5590000e+03   3.8255007e+03
   9.5650000e+03   3.8285995e+03
   9.5710000e+03   3.8316590e+03
   9.5770000e+03   3.8347163e+03
   9.5830000e+03   3.8378433e+03
   9.5890000e+03   3.8410275e+03
   9.5950000e+03   3.8441350e+03
   9.6010000e+03   3.8472115e+03
   9.6070000e+03   3.8503022e+03
   9.6130000e+03   3.8534568e+03
   9.6190000e+03   3.8565108e+03
   9.6250000e+03   3.8595909e+03
   9.6310000e+03   3.8626802e+03
   9.6370000e+03   3.8657813e+03
   9.6430000e+03   3.8689167e+03
   9.6490000e+03   3.8719742e+03
   9.6550000e+03   3.8750796e+03
   9.6610000e+03   3.8781206e+03
   9.6670000e+03   3.8811961e+03
   9.6730000e+03   3.8843080e+03
   9.6790000e+03   3.8873602e+03
   9.6850000e+03   3.8904016e+03
   9.6910000e+03   3.8934574e+03
   9.6970000e+03   3.8965419e+03
   9.7030000e+03   3.8995796e+03
   9.7090000e+03   3.9026526e+03
   9.7150000e+03   3.9057206e+03
   9.7210000e+03   3.9087839e+03
   9.7270000e+03   3.9118340e+03
   9.7330000e+03   3.9148668e+03
   9.7390000e+03   3.9179215e+03
   9.7450000e+03   3.9209751e+03
   9.7510000e+03   3.9240330e+03
   9.7570000e+03   3.9271200e+03
   9.7630000e+03   3.9301921e+03
   9.7690000e+03   3.9332207e+03
   9.7750000e+03   3.9362431e+03
   9.7810000e+03   3.9393028e+03
   9.7870000e+03   3.9423481e+03
   9.7930000e+03   3.9454224e+03
   9.7990000e+03   3.9484874e+03
   9.8050000e+03   3.9515182e+03
   9.8110000e+03   3.9545303e+03
   9.8170000e+03   3.9576000e+03
   9.8230000e+03   3.9606777e+03
   9.8290000e+03   3.9637375e+03
   9.8350000e+03   3.9667980e+03
   9.8410000e+03   3.9698827e+03
   9.8470000e+03   3.9729445e+03
   9.8530000e+03   3.9759468e+03
   9.8590000e+03   3.9789933e+03
   9.8650000e+03   3.9819845e+03
   9.8710000e+03   3.9849986e+03
   9.8770000e+03   3.9880429e+03
   9.8830000e+03   3.9910736e+03
   9.8890000e+03   3.9940992e+03
   9.8950000e+03   3.9971094e+03
   9.9010000e+03   4.0001626e+03
   9.9070000e+03   4.0032077e+03
   9.9130000e+03   4.0062377e+03
   9.9190000e+03   4.0092579e+03
   9.9250000e+03   4.0122707e+03
   9.9310000e+03   4.0152704e+03
   9.9370000e+03   4.0183319e+03
   9.9430000e+03   4.0214014e+03
   9.9490000e+03   4.0244159e+03
   9.9550000e+03   4.0274104e+03
   9.9610000e+03   4.0304657e+03
   9.9670000e+03   4.0335000e+03
   9.9730000e+03   4.0365081e+03
   9.9790000e+03   4.0395062e+03
   9.9850000e+03   4.0425373e+03
   9.9910000e+03   4.0455659e+03
   9.9970000e+03   4.0485840e+03
   1.0003000e+04   4.0515753e+03
   1.0009000e+04   4.0546022e+03
   1.0015000e+04   4.0576226e+03
   1.0021000e+04   4.0606473e+03
   1.0027000e+04   4.0636631e+03
   1.0033000e+04   4.0666788e+03
   1.0039000e+04   4.0696781e+03
   1.0045000e+04   4.0726604e+03
   1.0051000e+04   4.0756632e+03
   1.0057000e+04   4.0786389e+03
   1.0063000e+04   4.0816655e+03
   1.0069000e+04   4.0847189e+03
   1.0075000e+04   4.0877822e+03
   1.0081000e+04   4.0907637e+03
   1.0087000e+04   4.0937177e+03
   1.0093000e+04   4.0966847e+03
   1.0099000e+04   4.0996764e+03
   1.0105000e+04   4.1026738e+03
   1.0111000e+04   4.1056777e+03
   1.0117000e+04   4.1086325e+03
   1.0123000e+04   4.1116259e+03
   1.0129000e+04   4.1145893e+03
   1.0135000e+04   4.1175149e+03
   1.0141000e+04   4.1204286e+03
   1.0147000e+04   4.1233754e+03
   1.0153000e+04   4.1263478e+03
   1.0159000e+04   4.1292854e+03
   1.0165000e+04   4.1322192e+03
   1.0171000e+04   4.1351567e+03
   1.0177000e+04   4.1381085e+03
   1.0183000e+04   4.1410572e+03
   1.0189000e+04   4.1440046e+03
   1.0195000e+04   4.1469607e+03
   1.0201000e+04   4.1498928e+03
   1.0207000e+04   4.1528251e+03
   1.0213000e+04   4.1557697e+03
   1.0219000e+04   4.1587185e+03
   1.0225000e+04   4.1616768e+03
   1.0231000e+04   4.1646154e+03
   1.0237000e+04   4.1675558e+03
   1.0243000e+04   4.1704682e+03
   1.0249000e+04   4.1733894e+03
   1.0255000e+04   4.1762919e+03
   1.0261000e+04   4.1792059e+03
   1.0267000e+04   4.1821651e+03
   1.0273000e+04   4.1850778e+03
   1.0279000e+04   4.1880006e+03
   1.0285000e+04   4.1909095e+03
   1.0291000e+04   4.1937993e+03
   1.0297000e+04   4.1967408e+03
   1.0303000e+04   4.1996724e+03
   1.0309000e+04   4.2026027e+03
   1.0315000e+04   4.2054814e+03
   1.0321000e+04   4.2084064e+03
   1.0327000e+04   4.2113219e+03
   1.0333000e+04   4.2142784e+03
   1.0339000e+04   4.2171659e+03
   1.0345000e+04   4.2200717e+03
   1.0351000e+04   4.2229586e+03
   1.0357000e+04   4.2258540e+03
   1.0363000e+04   4.2287553e+03
   1.0369000e+04   4.2317104e+03
   1.0375000e+04   4.2346324e+03
   1.0381000e+04   4.2375197e+03
   1.0387000e+04   4.2404005e+03
   1.0393000e+04   4.2432963e+03
   1.0399000e+04   4.2461606e+03
   1.0405000e+04   4.2490585e+03
   1.0411000e+04   4.2519306e+03
   1.0417000e+04   4.2547950e+03
   1.0423000e+04   4.2576664e+03
   1.0429000e+04   4.2605322e+03
   1.0435000e+04   4.2633996e+03
   1.0441000e+04   4.2662574e+03
   1.0447000e+04   4.2691716e+03
   1.0453000e+04   4.2720251e+03
   1.0459000e+04   4.2748826e+03
   1.0465000e+04   4.2777444e+03
   1.0471000e+04   4.2806158e+03
   1.0477000e+04   4.2834482e+03
   1.0483000e+04   4.2863288e+03
   1.0489000e+04   4.2891881e+03
   1.0495000e+04   4.2920089e+03
   1.0501000e+04   4.2948655e+03
   1.0507000e+04   4.2976897e+03
   1.0513000e+04   4.3005741e+03
   1.0519000e+04   4.3034318e+03
   1.0525000e+04   4.3062834e+03
   1.0531000e+04   4.3091701e+03
   1.0537000e+04   4.3119997e+03
   1.0543000e+04   4.3148009e+03
   1.0549000e+04   4.3175911e+03
   1.0555000e+04   4.3203706e+03
   1.0561000e+04   4.3231286e+03
   1.0567000e+04   4.3259106e+03
   1.0573000e+04   4.3287200e+03
   1.0579000e+04   4.3314495e+03
   1.0585000e+04   4.3342283e+03
   1.0591000e+04   4.3370281e+03
   1.0597000e+04   4.3398105e+03
   1.0603000e+04   4.3425866e+03
   1.0609000e+04   4.3453670e+03
   1.0615000e+04   4.3481399e+03
   1.0621000e+04   4.3509554e+03
   1.0627000e+04   4.3537415e+03
   1.0633000e+04   4.3565096e+03
   1.0639000e+04   4.3592882e+03
   1.0645000e+04   4.3620456e+03
   1.0651000e+04   4.3648108e+03
   1.0657000e+04   4.3675376e+03
   1.0663000e+04   4.3703027e+03
   1.0669000e+04   4.3730450e+03
   1.0675000e+04   4.3758050e+03
   1.0681000e+04   4.3785764e+03
   1.0687000e+04   4.3813252e+03
   1.0693000e+04   4.3840613e+03
   1.0699000e+04   4.3868392e+03
   1.0705000e+04   4.3895829e+03
   1.0711000e+04   4.3923144e+03
   1.0717000e+04   4.3950706e+03
   1.0723000e+04   4.3978184e+03
   1.0729000e+04   4.4005679e+03
   1.0735000e+04   4.4033333e+03
   1.0741000e+04   4.4060653e+03
   1.0747000e+04   4.4088357e+03
   1.0753000e+04   4.4115704e+03
   1.0759000e+04   4.4143133e+03
   1.0765000e+04   4.4171003e+03
   1.0771000e+04   4.4198159e+03
   1.0777000e+04   4.4225432e+03
   1.0783000e+04   4.4252464e+03
   1.0789000e+04   4.4279645e+03
   1.0795000e+04   4.4306558e+03
   1.0801000e+04   4.4333360e+03
   1.0807000e+04   4.4359923e+03
   1.0813000e+04   4.4386836e+03
   1.0819000e+04   4.4414002e+03
   1.0825000e+04   4.4441071e+03
   1.0831000e+04   4.4468046e+03
   1.0837000e+04   4.4494903e+03
   1.0843000e+04   4.4522039e+03
   1.0849000e+04   4.4548919e+03
   1.0855000e+04   4.4575557e+03
   1.0861000e+04   4.4602453e+03
   1.0867000e+04   4.4629396e+03
   1.0873000e+04   4.4656403e+03
   1.0879000e+04   4.4683692e+03
   1.0885000e+04   4.4710927e+03
   1.0891000e+04   4.4737917e+03
   1.0897000e+04   4.4764874e+03
   1.0903000e+04   4.4791569e+03
   1.0909000e+04   4.4818106e+03
   1.0915000e+04   4.4844746e+03
   1.0921000e+04   4.4871846e+03
   1.0927000e+04   4.4898395e+03
   1.0933000e+04   4.4924880e+03
   1.0939000e+04   4.4951568e+03
   1.0945000e+04   4.4978215e+03
   1.0951000e+04   4.5004997e+03
   1.0957000e+04   4.5032100e+03
   1.0963000e+04   4.5058775e+03
   1.0969000e+04   4.5085987e+03
   1.0975000e+04   4.5112325e+03
   1.0981000e+04   4.5138581e+03
   1.0987000e+04   4.5165196e+03
   1.0993000e+04   4.5191916e+03
   1.0999000e+04   4.5218207e+03
   1.1005000e+04   4.5244928e+03
   1.1011000e+04   4.5271341e+03
   1.1017000e+04   4.5298058e+03
   1.1023000e+04   4.5324236e+03
   1.1029000e+04   4.5350501e+03
   1.1035000e+04   4.5377011e+03
   1.1041000e+04   4.5403659e+03
   1.1047000e+04   4.5430296e+03
   1.1053000e+04   4.5457668e+03
   1.1059000e+04   4.5483888e+03
   1.1065000e+04   4.5510333e+03
   1.1071000e+04   4.5536147e+03
   1.1077000e+04   4.5562188e+03
   1.1083000e+04   4.5588410e+03
   1.1089000e+04   4.5614811e+03
   1.1095000e+04   4.5641028e+03
   1.1101000e+04   4.5667035e+03
   1.1107000e+04   4.5693059e+03
   1.1113000e+04   4.5719509e+03
   1.1119000e+04   4.5745682e+03
   1.1125000e+04   4.5771562e+03
   1.1131000e+04   4.5797680e+03
   1.1137000e+04   4.5823738e+03
   1.1143000e+04   4.5850023e+03
   1.1149000e+04   4.5875863e+03
   1.1155000e+04   4.5902154e+03
   1.1161000e+04   4.5927579e+03
   1.1167000e+04   4.5953277e+03
   1.1173000e+04   4.5979072e+03
   1.1179000e+04   4.6005420e+03
   1.1185000e+04   4.6031510e+03
   1.1191000e+04   4.6057432e+03
   1.1197000e+04   4.6083988e+03
   1.1203000e+04   4.6110848e+03
   1.1209000e+04   4.6137490e+03
   1.1215000e+04   4.6163497e+03
   1.1221000e+04   4.6189090e+03
   1.1227000e+04   4.6215735e+03
   1.1233000e+04   4.6241962e+03
   1.1239000e+04   4.6267673e+03
   1.1245000e+04   4.6293103e+03
   1.1251000e+04   4.6318259e+03
   1.1257000e+04   4.6343814e+03
   1.1263000e+04   4.6369096e+03
   1.1269000e+04   4.6394879e+03
   1.1275000e+04   4.6419846e+03
   1.1281000e+04   4.6445220e+03
   1.1287000e+04   4.6470886e+03
   1.1293000e+04   4.6496406e+03
   1.1299000e+04   4.6521601e+03
   1.1305000e+04   4.6546331e+03
   1.1311000e+04   4.6571307e+03
   1.1317000e+04   4.6596511e+03
   1.1323000e+04   4.6621218e+03
   1.1329000e+04   4.6645891e+03
   1.1335000e+04   4.6671036e+03
   1.1341000e+04   4.6696163e+03
   1.1347000e+04   4.6721525e+03
   1.1353000e+04   4.6746409e+03
   1.1359000e+04   4.6771520e+03
   1.1365000e+04   4.6796729e+03
   1.1371000e+04   4.6821596e+03
   1.1377000e+04   4.6846524e+03
   1.1383000e+04   4.6871464e+03
   1.1389000e+04   4.6897018e+03
   1.1395000e+04   4.6921747e+03
   1.1401000e+04   4.6946512e+03
   1.1407000e+04   4.6971142e+03
   1.1413000e+04   4.6995406e+03
   1.1419000e+04   4.7019722e+03
   1.1425000e+04   4.7044740e+03
   1.1431000e+04   4.7068939e+03
   1.1437000e+04   4.7093307e+03
   1.1443000e+04   4.7117397e+03
   1.1449000e+04   4.7141983e+03
   1.1455000e+04   4.7166343e+03
   1.1461000e+04   4.7190341e+03
   1.1467000e+04   4.7214390e+03
   1.1473000e+04   4.7238551e+03
   1.1479000e+04   4.7262790e+03
   1.1485000e+04   4.7287353e+03
   1.1491000e+04   4.7311731e+03
   1.1497000e+04   4.7336117e+03
   1.1503000e+04   4.7360426e+03
   1.1509000e+04   4.7384617e+03
   1.1515000e+04   4.7408872e+03
   1.1521000e+04   4.7433668e+03
   1.1527000e+04   4.7457972e+03
   1.1533000e+04   4.7481948e+03
   1.1539000e+04   4.7505706e+03
   1.1545000e+04   4.7529650e+03
   1.1551000e+04   4.7553175e+03
   1.1557000e+04   4.7577047e+03
   1.1563000e+04   4.7601130e+03
   1.1569000e+04   4.7624797e+03
   1.1575000e+04   4.7648993e+03
   1.1581000e+04   4.7672928e+03
   1.1587000e+04   4.7696797e+03
   1.1593000e+04   4.7720726e+03
   1.1599000e+04   4.7744702e+03
   1.1605000e+04   4.7769106e+03
   1.1611000e+04   4.7793056e+03
   1.1617000e+04   4.7816588e+03
   1.1623000e+04   4.7840768e+03
   1.1629000e+04   4.7864534e+03
   1.1635000e+04   4.7888523e+03
   1.1641000e+04   4.7912211e+03
   1.1647000e+04   4.7935697e+03
   1.1653000e+04   4.7960036e+03
   1.1659000e+04   4.7983426e+03
   1.1665000e+04   4.8006895e+03
   1.1671000e+04   4.8030387e+03
   1.1677000e+04   4.8053924e+03
   1.1683000e+04   4.8078427e+03
   1.1689000e+04   4.8101818e+03
   1.1695000e+04   4.8125051e+03
   1.1701000e+04   4.8148397e+03
   1.1707000e+04   4.8172351e+03
   1.1713000e+04   4.8196104e+03
   1.1719000e+04   4.8219345e+03
   1.1725000e+04   4.8242495e+03
   1.1731000e+04   4.8266035e+03
   1.1737000e+04   4.8289269e+03
   1.1743000e+04   4.8312947e+03
   1.1749000e+04   4.8336768e+03
   1.1755000e+04   4.8360254e+03
   1.1761000e+04   4.8383600e+03
   1.1767000e+04   4.8406744e+03
   1.1773000e+04   4.8429758e+03
   1.1779000e+04   4.8452645e+03
   1.1785000e+04   4.8475529e+03
   1.1791000e+04   4.8498466e+03
   1.1797000e+04   4.8521209e+03
   1.1803000e+04   4.8544163e+03
   1.1809000e+04   4.8567440e+03
   1.1815000e+04   4.8590168e+03
   1.1821000e+04   4.8613333e+03
   1.1827000e+04   4.8636234e+03
   1.1833000e+04   4.8659723e+03
   1.1839000e+04   4.8682247e+03
   1.1845000e+04   4.8704639e+03
   1.1851000e+04   4.8727108e+03
   1.1857000e+04   4.8749595e+03
   1.1863000e+04   4.8772117e+03
   1.1869000e+04   4.8795231e+03
   1.1875000e+04   4.8818164e+03
   1.1881000e+04   4.8840648e+03
   1.1887000e+04   4.8862986e+03
   1.1893000e+04   4.8885531e+03
   1.1899000e+04   4.8907956e+03
   1.1905000e+04   4.8930142e+03
   1.1911000e+04   4.8952050e+03
   1.1917000e+04   4.8974325e+03
   1.1923000e+04   4.8996723e+03
   1.1929000e+04   4.9018887e+03
   1.1935000e+04   4.9041210e+03
   1.1941000e+04   4.9063454e+03
   1.1947000e+04   4.9085715e+03
   1.1953000e+04   4.9108194e+03
   1.1959000e+04   4.9130574e+03
   1.1965000e+04   4.9152948e+03
   1.1971000e+04   4.9175570e+03
   1.1977000e+04   4.9198453e+03
   1.1983000e+04   4.9220905e+03
   1.1989000e+04   4.9242964e+03
   1.1995000e+04   4.9265299e+03
   1.2001000e+04   4.9288099e+03
   1.2007000e+04   4.9310037e+03
   1.2013000e+04   4.9331999e+03
   1.2019000e+04   4.9353505e+03
   1.2025000e+04   4.9375114e+03
   1.2031000e+04   4.9396620e+03
   1.2037000e+04   4.9418190e+03
   1.2043000e+04   4.9440267e+03
   1.2049000e+04   4.9462563e+03
   1.2055000e+04   4.9484618e+03
   1.2061000e+04   4.9506030e+03
   1.2067000e+04   4.9528308e+03
   1.2073000e+04   4.9549853e+03
   1.2079000e+04   4.9571336e+03
   1.2085000e+04   4.9593099e+03
   1.2091000e+04   4.9614662e+03
   1.2097000e+04   4.9636232e+03
   1.2103000e+04   4.9658058e+03
   1.2109000e+04   4.9679796e+03
   1.2115000e+04   4.9701337e+03
   1.2121000e+04   4.9722657e+03
   1.2127000e+04   4.9744269e+03
   1.2133000e+04   4.9765395e+03
   1.2139000e+04   4.9787139e+03
   1.2145000e+04   4.9808435e+03
   1.2151000e+04   4.9829529e+03
   1.2157000e+04   4.9850827e+03
   1.2163000e+04   4.9871998e+03
   1.2169000e+04   4.9892799e+03
   1.2175000e+04   4.9913768e+03
   1.2181000e+04   4.9934840e+03
   1.2187000e+04   4.9955574e+03
   1.2193000e+04   4.9976692e+03
   1.2199000e+04   4.9997574e+03
   1.2205000e+04   5.0018446e+03
   1.2211000e+04   5.0039434e+03
   1.2217000e+04   5.0060523e+03
   1.2223000e+04   5.0081400e+03
   1.2229000e+04   5.0101948e+03
   1.2235000e+04   5.0122785e+03
   1.2241000e+04   5.0143479e+03
   1.2247000e+04   5.0164455e+03
   1.2253000e+04   5.0185206e+03
   1.2259000e+04   5.0206096e+03
   1.2265000e+04   5.0227152e+03
   1.2271000e+04   5.0247872e+03
   1.2277000e+04   5.0267953e+03
   1.2283000e+04   5.0288282e+03
   1.2289000e+04   5.0308499e+03
   1.2295000e+04   5.0328657e+03
   1.2301000e+04   5.0349035e+03
   1.2307000e+04   5.0369334e+03
   1.2313000e+04   5.0389386e+03
   1.2319000e+04   5.0410001e+03
   1.2325000e+04   5.0430410e+03
   1.2331000e+04   5.0450602e+03
   1.2337000e+04   5.0470679e+03
   1.2343000e+04   5.0490504e+03
   1.2349000e+04   5.0510645e+03
   1.2355000e+04   5.0530602e+03
   1.2361000e+04   5.0550581e+03
   1.2367000e+04   5.0570368e+03
   1.2373000e+04   5.0590536e+03
   1.2379000e+04   5.0610417e+03
   1.2385000e+04   5.0630211e+03
   1.2391000e+04   5.0649936e+03
   1.2397000e+04   5.0669965e+03
   1.2403000e+04   5.0689705e+03
   1.2409000e+04   5.0709508e+03
   1.2415000e+04   5.0728965e+03
   1.2421000e+04   5.0748718e+03
   1.2427000e+04   5.0768503e+03
   1.2433000e+04   5.0788318e+03
   1.2439000e+04   5.0807971e+03
   1.2445000e+04   5.0827743e+03
   1.2451000e+04   5.0847397e+03
   1.2457000e+04   5.0866942e+03
   1.2463000e+04   5.0886820e+03
   1.2469000e+04   5.0906083e+03
   1.2475000e+04   5.0925662e+03
   1.2481000e+04   5.0945178e+03
   1.2487000e+04   5.0964585e+03
   1.2493000e+04   5.0983971e+03
   1.2499000e+04   5.1003875e+03
   1.2505000e+04   5.1023579e+03
   1.2511000e+04   5.1042794e+03
   1.2517000e+04   5.1062491e+03
   1.2523000e+04   5.1081791e+03
   1.2529000e+04   5.1101147e+03
   1.2535000e+04   5.1120011e+03
   1.2541000e+04   5.1138895e+03
   1.2547000e+04   5.1157969e+03
   1.2553000e+04   5.1177160e+03
   1.2559000e+04   5.1196349e+03
   1.2565000e+04   5.1215385e+03
   1.2571000e+04   5.1234317e+03
   1.2577000e+04   5.1253050e+03
   1.2583000e+04   5.1271865e+03
   1.2589000e+04   5.1290896e+03
   1.2595000e+04   5.1310021e+03
   1.2601000e+04   5.1328832e+03
   1.2607000e+04   5.1347492e+03
   1.2613000e+04   5.1366227e+03
   1.2619000e+04   5.1385249e+03
   1.2625000e+04   5.1404007e+03
   1.2631000e+04   5.1422715e+03
   1.2637000e+04   5.1441275e+03
   1.2643000e+04   5.1459643e+03
   1.2649000e+04   5.1478212e+03
   1.2655000e+04   5.1496650e+03
   1.2661000e+04   5.1515017e+03
   1.2667000e+04   5.1533383e+03
   1.2673000e+04   5.1551905e+03
   1.2679000e+04   5.1570360e+03
   1.2685000e+04   5.1588547e+03
   1.2691000e+04   5.1607226e+03
   1.2697000e+04   5.1625528e+03
   1.2703000e+04   5.1644377e+03
   1.2709000e+04   5.1662459e+03
   1.2715000e+04   5.1680574e+03
   1.2721000e+04   5.1698684e+03
   1.2727000e+04   5.1716832e+03
   1.2733000e+04   5.1734570e+03
   1.2739000e+04   5.1752612e+03
   1.2745000e+04   5.1770659e+03
   1.2751000e+04   5.1788779e+03
   1.2757000e+04   5.1806688e+03
   1.2763000e+04   5.1824313e+03
   1.2769000e+04   5.1841960e+03
   1.2775000e+04   5.1859410e+03
   1.2781000e+04   5.1877341e+03
   1.2787000e+04   5.1895036e+03
   1.2793000e+04   5.1912610e+03
   1.2799000e+04   5.1929987e+03
   1.2805000e+04   5.1947509e+03
   1.2811000e+04   5.1965263e+03
   1.2817000e+04   5.1982663e+03
   1.2823000e+04   5.2000168e+03
   1.2829000e+04   5.2017982e+03
   1.2835000e+04   5.2036102e+03
   1.2841000e+04   5.2053546e+03
   1.2847000e+04   5.2070746e+03
   1.2853000e+04   5.2088139e+03
   1.2859000e+04   5.2105639e+03
   1.2865000e+04   5.2122961e+03
   1.2871000e+04   5.2140029e+03
   1.2877000e+04   5.2157205e+03
   1.2883000e+04   5.2174504e+03
   1.2889000e+04   5.2191842e+03
   1.2895000e+04   5.2209268e+03
   1.2901000e+04   5.2226675e+03
   1.2907000e+04   5.2243583e+03
   1.2913000e+04   5.2260593e+03
   1.2919000e+04   5.2277523e+03
   1.2925000e+04   5.2294723e+03
   1.2931000e+04   5.2311588e+03
   1.2937000e+04   5.2328606e+03
   1.2943000e+04   5.2345106e+03
   1.2949000e+04   5.2361652e+03
   1.2955000e+04   5.2378297e+03
   1.2961000e+04   5.2394759e+03
   1.2967000e+04   5.2411306e+03
   1.2973000e+04   5.2428291e+03
   1.2979000e+04   5.2445204e+03
   1.2985000e+04   5.2461629e+03
   1.2991000e+04   5.2478179e+03
   1.2997000e+04   5.2494594e+03
   1.3003000e+04   5.2511312e+03
   1.3009000e+04   5.2527545e+03
   1.3015000e+04   5.2544226e+03
   1.3021000e+04   5.2560881e+03
   1.3027000e+04   5.2576962e+03
   1.3033000e+04   5.2593038e+03
   1.3039000e+04   5.2609159e+03
   1.3045000e+04   5.2625287e+03
   1.3051000e+04   5.2641403e+03
   1.3057000e+04   5.2657448e+03
   1.3063000e+04   5.2673618e+03
   1.3069000e+04   5.2689940e+03
   1.3075000e+04   5.2706153e+03
   1.3081000e+04   5.2722154e+03
   1.3087000e+04   5.2738164e+03
   1.3093000e+04   5.2754508e+03
   1.3099000e+04   5.2770503e+03
   1.3105000e+04   5.2786366e+03
   1.3111000e+04   5.2802232e+03
   1.3117000e+04   5.2818008e+03
   1.3123000e+04   5.2833799e+03
   1.3129000e+04   5.2849414e+03
   1.3135000e+04   5.2864939e+03
   1.3141000e+04   5.2880425e+03
   1.3147000e+04   5.2895836e+03
   1.3153000e+04   5.2911137e+03
   1.3159000e+04   5.2926317e+03
   1.3165000e+04   5.2941744e+03
   1.3171000e+04   5.2957253e+03
   1.3177000e+04   5.2972604e+03
   1.3183000e+04   5.2987681e+03
   1.3189000e+04   5.3003203e+03
   1.3195000e+04   5.3018637e+03
   1.3201000e+04   5.3034008e+03
   1.3207000e+04   5.3049319e+03
   1.3213000e+04   5.3064741e+03
   1.3219000e+04   5.3079855e+03
   1.3225000e+04   5.3094780e+03
   1.3231000e+04   5.3109576e+03
   1.3237000e+04   5.3124382e+03
   1.3243000e+04   5.3139103e+03
   1.3249000e+04   5.3153963e+03
   1.3255000e+04   5.3168705e+03
   1.3261000e+04   5.3183431e+03
   1.3267000e+04   5.3197957e+03
   1.3273000e+04   5.3212488e+03
   1.3279000e+04   5.3227339e+03
   1.3285000e+04   5.3241909e+03
   1.3291000e+04   5.3256335e+03
   1.3297000e+04   5.3270750e+03
   1.3303000e+04   5.3285268e+03
   1.3309000e+04   5.3299442e+03
   1.3315000e+04   5.3313848e+03
   1.3321000e+04   5.3327951e+03
   1.3327000e+04   5.3342026e+03
   1.3333000e+04   5.3356224e+03
   1.3339000e+04   5.3370428e+03
   1.3345000e+04   5.3384359e+03
   1.3351000e+04   5.3398378e+03
   1.3357000e+04   5.3412185e+03
   1.3363000e+04   5.3425990e+03
   1.3369000e+04   5.3440112e+03
   1.3375000e+04   5.3453986e+03
   1.3381000e+04   5.3468004e+03
   1.3387000e+04   5.3481796e+03
   1.3393000e+04   5.3495626e+03
   1.3399000e+04   5.3509297e+03
   1.3405000e+04   5.3522918e+03
   1.3411000e+04   5.3536778e+03
   1.3417000e+04   5.3550399e+03
   1.3423000e+04   5.3563762e+03
   1.3429000e+04   5.3577288e+03
   1.3435000e+04   5.3591225e+03
   1.3441000e+04   5.3604541e+03
   1.3447000e+04   5.3617768e+03
   1.3453000e+04   5.3631088e+03
   1.3459000e+04   5.3644315e+03
   1.3465000e+04   5.3657660e+03
   1.3471000e+04   5.3670737e+03
   1.3477000e+04   5.3683827e+03
   1.3483000e+04   5.3697090e+03
   1.3489000e+04   5.3710022e+03
   1.3495000e+04   5.3722931e+03
   1.3501000e+04   5.3735647e+03
   1.3507000e+04   5.3748498e+03
   1.3513000e+04   5.3761540e+03
   1.3519000e+04   5.3774377e+03
   1.3525000e+04   5.3786966e+03
   1.3531000e+04   5.3799699e+03
   1.3537000e+04   5.3812687e+03
   1.3543000e+04   5.3825216e+03
   1.3549000e+04   5.3837764e+03
   1.3555000e+04   5.3850477e+03
   1.3561000e+04   5.3863086e+03
   1.3567000e+04   5.3875828e+03
   1.3573000e+04   5.3888446e+03
   1.3579000e+04   5.3901037e+03
   1.3585000e+04   5.3913245e+03
   1.3591000e+04   5.3925393e+03
   1.3597000e+04   5.3937451e+03
   1.3603000e+04   5.3949620e+03
   1.3609000e+04   5.3961902e+03
   1.3615000e+04   5.3974178e+03
   1.3621000e+04   5.3986183e+03
   1.3627000e+04   5.3998342e+03
   1.3633000e+04   5.4010335e+03
   1.3639000e+04   5.4022297e+03
   1.3645000e+04   5.4034043e+03
   1.3651000e+04   5.4046110e+03
   1.3657000e+04   5.4057993e+03
   1.3663000e+04   5.4069937e+03
   1.3669000e+04   5.4081993e+03
   1.3675000e+04   5.4093957e+03
   1.3681000e+04   5.4105636e+03
   1.3687000e+04   5.4117420e+03
   1.3693000e+04   5.4128879e+03
   1.3699000e+04   5.4140299e+03
   1.3705000e+04   5.4152024e+03
   1.3711000e+04   5.4163350e+03
   1.3717000e+04   5.4174738e+03
   1.3723000e+04   5.4186491e+03
   1.3729000e+04   5.4198007e+03
   1.3735000e+04   5.4209177e+03
   1.3741000e+04   5.4220491e+03
   1.3747000e+04   5.4231928e+03
   1.3753000e+04   5.4243034e+03
   1.3759000e+04   5.4254296e+03
   1.3765000e+04   5.4265350e+03
   1.3771000e+04   5.4276514e+03
   1.3777000e+04   5.4287417e+03
   1.3783000e+04   5.4298369e+03
   1.3789000e+04   5.4309410e+03
   1.3795000e+04   5.4320265e+03
   1.3801000e+04   5.4331011e+03
   1.3807000e+04   5.4341895e+03
   1.3813000e+04   5.4352718e+03
   1.3819000e+04   5.4363131e+03
   1.3825000e+04   5.4373715e+03
   1.3831000e+04   5.4384349e+03
   1.3837000e+04   5.4394886e+03
   1.3843000e+04   5.4405338e+03
   1.3849000e+04   5.4415873e+03
   1.3855000e+04   5.4426153e+03
   1.3861000e+04   5.4436361e+03
   1.3867000e+04   5.4446756e+03
   1.3873000e+04   5.4457205e+03
   1.3879000e+04   5.4467507e+03
   1.3885000e+04   5.4477655e+03
   1.3891000e+04   5.4487870e+03
   1.3897000e+04   5.4497940e+03
   1.3903000e+04   5.4507751e+03
   1.3909000e+04   5.4517571e+03
   1.3915000e+04   5.4527526e+03
   1.3921000e+04   5.4537566e+03
   1.3927000e+04   5.4547384e+03
   1.3933000e+04   5.4557194e+03
   1.3939000e+04   5.4567266e+03
   1.3945000e+04   5.4577049e+03
   1.3951000e+04   5.4586852e+03
   1.3957000e+04   5.4596628e+03
   1.3963000e+04   5.4606302e+03
   1.3969000e+04   5.4615856e+03
   1.3975000e+04   5.4625405e+03
   1.3981000e+04   5.4634798e+03
   1.3987000e+04   5.4644032e+03
   1.3993000e+04   5.4653275e+03
   1.3999000e+04   5.4662722e+03
   1.4005000e+04   5.4672107e+03
   1.4011000e+04   5.4681331e+03
   1.4017000e+04   5.4690636e+03
   1.4023000e+04   5.4699870e+03
   1.4029000e+04   5.4709118e+03
   1.4035000e+04   5.4718058e+03
   1.4041000e+04   5.4727094e+03
   1.4047000e+04   5.4736189e+03
   1.4053000e+04   5.4745267e+03
   1.4059000e+04   5.4754315e+03
   1.4065000e+04   5.4763234e+03
   1.4071000e+04   5.4772122e+03
   1.4077000e+04   5.4781096e+03
   1.4083000e+04   5.4790148e+03
   1.4089000e+04   5.4798920e+03
   1.4095000e+04   5.4807650e+03
   1.4101000e+04   5.4816091e+03
   1.4107000e+04   5.4824787e+03
   1.4113000e+04   5.4833368e+03
   1.4119000e+04   5.4841969e+03
   1.4125000e+04   5.4850318e+03
   1.4131000e+04   5.4858853e+03
   1.4137000e+04   5.4867066e+03
   1.4143000e+04   5.4875240e+03
   1.4149000e+04   5.4883393e+03
   1.4155000e+04   5.4891560e+03
   1.4161000e+04   5.4899832e+03
   1.4167000e+04   5.4907964e+03
   1.4173000e+04   5.4916091e+03
   1.4179000e+04   5.4924313e+03
   1.4185000e+04   5.4932223e+03
   1.4191000e+04   5.4939986e+03
   1.4197000e+04   5.4947676e+03
   1.4203000e+04   5.4955575e+03
   1.4209000e+04   5.4963440e+03
   1.4215000e+04   5.4971096e+03
   1.4221000e+04   5.4978580e+03
   1.4227000e+04   5.4986267e+03
   1.4233000e+04   5.4993824e+03
   1.4239000e+04   5.5001246e+03
   1.4245000e+04   5.5008737e+03
   1.4251000e+04   5.5016266e+03
   1.4257000e+04   5.5023638e+03
   1.4263000e+04   5.5030855e+03
   1.4269000e+04   5.5038171e+03
   1.4275000e+04   5.5045485e+03
   1.4281000e+04   5.5052705e+03
   1.4287000e+04   5.5059708e+03
   1.4293000e+04   5.5066677e+03
   1.4299000e+04   5.5073852e+03
   1.4305000e+04   5.5080980e+03
   1.4311000e+04   5.5088096e+03
   1.4317000e+04   5.5095098e+03
   1.4323000e+04   5.5101903e+03
   1.4329000e+04   5.5108716e+03
   1.4335000e+04   5.5115401e+03
   1.4341000e+04   5.5121929e+03
   1.4347000e+04   5.5128846e+03
   1.4353000e+04   5.5135379e+03
   1.4359000e+04   5.5141826e+03
   1.4365000e+04   5.5148211e+03
   1.4371000e+04   5.5154757e+03
   1.4377000e+04   5.5161217e+03
   1.4383000e+04   5.5167629e+03
   1.4389000e+04   5.5173931e+03
   1.4395000e+04   5.5180151e+03
   1.4401000e+04   5.5186315e+03
   1.4407000e+04   5.5192480e+03
   1.4413000e+04   5.5198654e+03
   1.4419000e+04   5.5204828e+03
   1.4425000e+04   5.5210691e+03
   1.4431000e+04   5.5216533e+03
   1.4437000e+04   5.5222386e+03
   1.4443000e+04   5.5228331e+03
   1.4449000e+04   5.5234190e+03
   1.4455000e+04   5.5239839e+03
   1.4461000e+04   5.5245588e+03
   1.4467000e+04   5.5251362e+03
   1.4473000e+04   5.5257055e+03
   1.4479000e+04   5.5262576e+03
   1.4485000e+04   5.5268051e+03
   1.4491000e+04   5.5273645e+03
   1.4497000e+04   5.5279217e+03
   1.4503000e+04   5.5284478e+03
   1.4509000e+04   5.5289582e+03
   1.4515000e+04   5.5294703e+03
   1.4521000e+04   5.5299859e+03
   1.4527000e+04   5.5305348e+03
   1.4533000e+04   5.5310595e+03
   1.4539000e+04   5.5315386e+03
   1.4545000e+04   5.5320181e+03
   1.4551000e+04   5.5324995e+03
   1.4557000e+04   5.5329638e+03
   1.4563000e+04   5.5334271e+03
   1.4569000e+04   5.5338859e+03
   1.4575000e+04   5.5343425e+03
   1.4581000e+04   5.5348012e+03
   1.4587000e+04   5.5352373e+03
   1.4593000e+04   5.5356732e+03
   1.4599000e+04   5.5361109e+03
   1.4605000e+04   5.5365375e+03
   1.4611000e+04   5.5369531e+03
   1.4617000e+04   5.5373621e+03
   1.4623000e+04   5.5377770e+03
   1.4629000e+04   5.5381982e+03
   1.4635000e+04   5.5386086e+03
   1.4641000e+04   5.5389975e+03
   1.4647000e+04   5.5393895e+03
   1.4653000e+04   5.5397681e+03
   1.4659000e+04   5.5401408e+03
   1.4665000e+04   5.5405135e+03
   1.4671000e+04   5.5408850e+03
   1.4677000e+04   5.5412438e+03
   1.4683000e+04   5.5416058e+03
   1.4689000e+04   5.5419601e+03
   1.4695000e+04   5.5423215e+03
   1.4701000e+04   5.5426732e+03
   1.4707000e+04   5.5430305e+03
   1.4713000e+04   5.5433679e+03
   1.4719000e+04   5.5435703e+03
   1.4725000e+04   5.5437259e+03
   1.4731000e+04   5.5438776e+03
   1.4737000e+04   5.5440307e+03
   1.4743000e+04   5.5441794e+03
   1.4749000e+04   5.5443291e+03
   1.4755000e+04   5.5444759e+03
   1.4761000e+04   5.5446208e+03
   1.4767000e+04   5.5447585e+03
   1.4773000e+04   5.5448929e+03
   1.4779000e+04   5.5450283e+03
   1.4785000e+04   5.5451619e+03
   1.4791000e+04   5.5452909e+03
   1.4797000e+04   5.5454241e+03
   1.4803000e+04   5.5455566e+03
   1.4809000e+04   5.5456792e+03
   1.4815000e+04   5.5457980e+03
   1.4821000e+04   5.5459181e+03
   1.4827000e+04   5.5460388e+03
   1.4833000e+04   5.5461608e+03
   1.4839000e+04   5.5462738e+03
   1.4845000e+04   5.5463854e+03
   1.4851000e+04   5.5464936e+03
   1.4857000e+04   5.5466013e+03
   1.4863000e+04   5.5467043e+03
   1.4869000e+04   5.5468014e+03
   1.4875000e+04   5.5468980e+03
   1.4881000e+04   5.5469954e+03
   1.4887000e+04   5.5470838e+03
   1.4893000e+04   5.5471726e+03
   1.4899000e+04   5.5472564e+03
   1.4905000e+04   5.5473384e+03
   1.4911000e+04   5.5474191e+03
   1.4917000e+04   5.5474987e+03
   1.4923000e+04   5.5475784e+03
   1.4929000e+04   5.5476527e+03
   1.4935000e+04   5.5477276e+03
   1.4941000e+04   5.5477988e+03
   1.4947000e+04   5.5478651e+03
   1.4953000e+04   5.5479288e+03
   1.4959000e+04   5.5480086e+03
   1.4965000e+04   5.5480664e+03
   1.4971000e+04   5.5481149e+03
   1.4977000e+04   5.5481588e+03
   1.4983000e+04   5.5481872e+03
   1.4989000e+04   5.5482068e+03
   1.4995000e+04   5.5482163e+03
