   1.0000000e+00   6.4002563e-01
   7.0000000e+00   4.7277437e-01
   1.3000000e+01   4.1369291e-01
   1.9000000e+01   3.7350391e-01
   2.5000000e+01   3.4468646e-01
   3.1000000e+01   3.2217290e-01
   3.7000000e+01   3.0397014e-01
   4.3000000e+01   2.8838021e-01
   4.9000000e+01   2.7499459e-01
   5.5000000e+01   2.6331944e-01
   6.1000000e+01   2.5292827e-01
   6.7000000e+01   2.4357952e-01
   7.3000000e+01   2.3505549e-01
   7.9000000e+01   2.2734529e-01
   8.5000000e+01   2.2031696e-01
   9.1000000e+01   2.1383259e-01
   9.7000000e+01   2.0782729e-01
   1.0300000e+02   2.0224817e-01
   1.0900000e+02   1.9712069e-01
   1.1500000e+02   1.9230540e-01
   1.2100000e+02   1.8775844e-01
   1.2700000e+02   1.8349990e-01
   1.3300000e+02   1.7951307e-01
   1.3900000e+02   1.7571483e-01
   1.4500000e+02   1.7213184e-01
   1.5100000e+02   1.6870996e-01
   1.5700000e+02   1.6547086e-01
   1.6300000e+02   1.6238177e-01
   1.6900000e+02   1.5942883e-01
   1.7500000e+02   1.5661655e-01
   1.8100000e+02   1.5392346e-01
   1.8700000e+02   1.5133982e-01
   1.9300000e+02   1.4886017e-01
   1.9900000e+02   1.4648749e-01
   2.0500000e+02   1.4419688e-01
   2.1100000e+02   1.4200828e-01
   2.1700000e+02   1.3990507e-01
   2.2300000e+02   1.3788240e-01
   2.2900000e+02   1.3593745e-01
   2.3500000e+02   1.3406116e-01
   2.4100000e+02   1.3225282e-01
   2.4700000e+02   1.3050685e-01
   2.5300000e+02   1.2882553e-01
   2.5900000e+02   1.2719203e-01
   2.6500000e+02   1.2559982e-01
   2.7100000e+02   1.2405699e-01
   2.7700000e+02   1.2256764e-01
   2.8300000e+02   1.2112443e-01
   2.8900000e+02   1.1972412e-01
   2.9500000e+02   1.1836411e-01
   3.0100000e+02   1.1301575e-01
   3.0700000e+02   1.1128725e-01
   3.1300000e+02   1.1019982e-01
   3.1900000e+02   1.0907579e-01
   3.2500000e+02   1.0815856e-01
   3.3100000e+02   1.0669453e-01
   3.3700000e+02   1.0582694e-01
   3.4300000e+02   1.0450059e-01
   3.4900000e+02   1.0348911e-01
   3.5500000e+02   1.0266264e-01
   3.6100000e+02   1.0185950e-01
   3.6700000e+02   1.0095329e-01
   3.7300000e+02   1.0014626e-01
   3.7900000e+02   9.9122540e-02
   3.8500000e+02   9.8492722e-02
   3.9100000e+02   9.7715910e-02
   3.9700000e+02   9.6632682e-02
   4.0300000e+02   9.5678000e-02
   4.0900000e+02   9.4821712e-02
   4.1500000e+02   9.4073757e-02
   4.2100000e+02   9.3396685e-02
   4.2700000e+02   9.2813459e-02
   4.3300000e+02   9.2289678e-02
   4.3900000e+02   9.1417476e-02
   4.4500000e+02   9.0822995e-02
   4.5100000e+02   9.0297981e-02
   4.5700000e+02   8.9657633e-02
   4.6300000e+02   8.9086958e-02
   4.6900000e+02   8.8537759e-02
   4.7500000e+02   8.7859863e-02
   4.8100000e+02   8.7243004e-02
   4.8700000e+02   8.6645440e-02
   4.9300000e+02   8.5933119e-02
   4.9900000e+02   8.5504254e-02
   5.0500000e+02   8.4886882e-02
   5.1100000e+02   8.4307257e-02
   5.1700000e+02   8.3897665e-02
   5.2300000e+02   8.3346131e-02
   5.2900000e+02   8.2886575e-02
   5.3500000e+02   8.2255643e-02
   5.4100000e+02   8.1772999e-02
   5.4700000e+02   8.1004017e-02
   5.5300000e+02   8.0497066e-02
   5.5900000e+02   8.0073842e-02
   5.6500000e+02   7.9446210e-02
   5.7100000e+02   7.8951045e-02
   5.7700000e+02   7.8455584e-02
   5.8300000e+02   7.7926140e-02
   5.8900000e+02   7.7405501e-02
   5.9500000e+02   7.7005610e-02
   6.0100000e+02   7.6570231e-02
   6.0700000e+02   7.6181053e-02
   6.1300000e+02   7.5836306e-02
   6.1900000e+02   7.5447588e-02
   6.2500000e+02   7.5039807e-02
   6.3100000e+02   7.4544839e-02
   6.3700000e+02   7.4109433e-02
   6.4300000e+02   7.3710258e-02
   6.4900000e+02   7.3368325e-02
   6.5500000e+02   7.2998901e-02
   6.6100000e+02   7.2409405e-02
   6.6700000e+02   7.1853629e-02
   6.7300000e+02   7.1479313e-02
   6.7900000e+02   7.1114496e-02
   6.8500000e+02   7.0752514e-02
   6.9100000e+02   7.0446736e-02
   6.9700000e+02   7.0158304e-02
   7.0300000e+02   6.9761531e-02
   7.0900000e+02   6.9465380e-02
   7.1500000e+02   6.9112628e-02
   7.2100000e+02   6.8604630e-02
   7.2700000e+02   6.8255580e-02
   7.3300000e+02   6.7879041e-02
   7.3900000e+02   6.7505106e-02
   7.4500000e+02   6.7131456e-02
   7.5100000e+02   6.6872394e-02
   7.5700000e+02   6.6620038e-02
   7.6300000e+02   6.6381119e-02
   7.6900000e+02   6.6045241e-02
   7.7500000e+02   6.5707706e-02
   7.8100000e+02   6.5409135e-02
   7.8700000e+02   6.5109997e-02
   7.9300000e+02   6.4764363e-02
   7.9900000e+02   6.4507054e-02
   8.0500000e+02   6.4234773e-02
   8.1100000e+02   6.3928622e-02
   8.1700000e+02   6.3631186e-02
   8.2300000e+02   6.3284347e-02
   8.2900000e+02   6.3004405e-02
   8.3500000e+02   6.2625067e-02
   8.4100000e+02   6.2364998e-02
   8.4700000e+02   6.2101302e-02
   8.5300000e+02   6.1895268e-02
   8.5900000e+02   6.1609090e-02
   8.6500000e+02   6.1338385e-02
   8.7100000e+02   6.1099691e-02
   8.7700000e+02   6.0786216e-02
   8.8300000e+02   6.0546399e-02
   8.8900000e+02   6.0274553e-02
   8.9500000e+02   6.0007052e-02
   9.0100000e+02   5.9661236e-02
   9.0700000e+02   5.9336057e-02
   9.1300000e+02   5.9028342e-02
   9.1900000e+02   5.8818806e-02
   9.2500000e+02   5.8551699e-02
   9.3100000e+02   5.8324380e-02
   9.3700000e+02   5.8100947e-02
   9.4300000e+02   5.7859036e-02
   9.4900000e+02   5.7539390e-02
   9.5500000e+02   5.7249150e-02
   9.6100000e+02   5.7031749e-02
   9.6700000e+02   5.6754833e-02
   9.7300000e+02   5.6536114e-02
   9.7900000e+02   5.6318255e-02
   9.8500000e+02   5.6071510e-02
   9.9100000e+02   5.5885054e-02
   9.9700000e+02   5.5704235e-02
   1.0030000e+03   5.5466277e-02
   1.0090000e+03   5.5219218e-02
   1.0150000e+03   5.5012895e-02
   1.0210000e+03   5.4788030e-02
   1.0270000e+03   5.4556925e-02
   1.0330000e+03   5.4384157e-02
   1.0390000e+03   5.4143356e-02
   1.0450000e+03   5.3899940e-02
   1.0510000e+03   5.3653515e-02
   1.0570000e+03   5.3474589e-02
   1.0630000e+03   5.3279303e-02
   1.0690000e+03   5.3104584e-02
   1.0750000e+03   5.2878644e-02
   1.0810000e+03   5.2730397e-02
   1.0870000e+03   5.2523215e-02
   1.0930000e+03   5.2303022e-02
   1.0990000e+03   5.2128786e-02
   1.1050000e+03   5.1967024e-02
   1.1110000e+03   5.1808549e-02
   1.1170000e+03   5.1622105e-02
   1.1230000e+03   5.1450552e-02
   1.1290000e+03   5.1269479e-02
   1.1350000e+03   5.1014503e-02
   1.1410000e+03   5.0824800e-02
   1.1470000e+03   5.0578844e-02
   1.1530000e+03   5.0413276e-02
   1.1590000e+03   5.0179801e-02
   1.1650000e+03   5.0016839e-02
   1.1710000e+03   4.9835134e-02
   1.1770000e+03   4.9650552e-02
   1.1830000e+03   4.9459865e-02
   1.1890000e+03   4.9287442e-02
   1.1950000e+03   4.9101965e-02
   1.2010000e+03   4.8922593e-02
   1.2070000e+03   4.8750049e-02
   1.2130000e+03   4.8568144e-02
   1.2190000e+03   4.8363776e-02
   1.2250000e+03   4.8205771e-02
   1.2310000e+03   4.8043683e-02
   1.2370000e+03   4.7860276e-02
   1.2430000e+03   4.7696714e-02
   1.2490000e+03   4.7543631e-02
   1.2550000e+03   4.7403403e-02
   1.2610000e+03   4.7227928e-02
   1.2670000e+03   4.7060780e-02
   1.2730000e+03   4.6897496e-02
   1.2790000e+03   4.6712945e-02
   1.2850000e+03   4.6535297e-02
   1.2910000e+03   4.6346156e-02
   1.2970000e+03   4.6191383e-02
   1.3030000e+03   4.6060580e-02
   1.3090000e+03   4.5876965e-02
   1.3150000e+03   4.5722344e-02
   1.3210000e+03   4.5591147e-02
   1.3270000e+03   4.5403421e-02
   1.3330000e+03   4.5272014e-02
   1.3390000e+03   4.5132151e-02
   1.3450000e+03   4.4972722e-02
   1.3510000e+03   4.4836353e-02
   1.3570000e+03   4.4673696e-02
   1.3630000e+03   4.4492740e-02
   1.3690000e+03   4.4380957e-02
   1.3750000e+03   4.4214532e-02
   1.3810000e+03   4.4102842e-02
   1.3870000e+03   4.3965526e-02
   1.3930000e+03   4.3832372e-02
   1.3990000e+03   4.3686970e-02
   1.4050000e+03   4.3524583e-02
   1.4110000e+03   4.3388610e-02
   1.4170000e+03   4.3255627e-02
   1.4230000e+03   4.3147176e-02
   1.4290000e+03   4.3022575e-02
   1.4350000e+03   4.2867612e-02
   1.4410000e+03   4.2734417e-02
   1.4470000e+03   4.2624829e-02
   1.4530000e+03   4.2492880e-02
   1.4590000e+03   4.2363591e-02
   1.4650000e+03   4.2220037e-02
   1.4710000e+03   4.2112274e-02
   1.4770000e+03   4.1986888e-02
   1.4830000e+03   4.1869821e-02
   1.4890000e+03   4.1762174e-02
   1.4950000e+03   4.1619764e-02
   1.5010000e+03   4.1495975e-02
   1.5070000e+03   4.1350824e-02
   1.5130000e+03   4.1230449e-02
   1.5190000e+03   4.1065011e-02
   1.5250000e+03   4.0942312e-02
   1.5310000e+03   4.0826845e-02
   1.5370000e+03   4.0695590e-02
   1.5430000e+03   4.0557575e-02
   1.5490000e+03   4.0420519e-02
   1.5550000e+03   4.0308340e-02
   1.5610000e+03   4.0177120e-02
   1.5670000e+03   4.0056490e-02
   1.5730000e+03   3.9945940e-02
   1.5790000e+03   3.9842107e-02
   1.5850000e+03   3.9716924e-02
   1.5910000e+03   3.9615824e-02
   1.5970000e+03   3.9507602e-02
   1.6030000e+03   3.9394857e-02
   1.6090000e+03   3.9270429e-02
   1.6150000e+03   3.9163936e-02
   1.6210000e+03   3.9059030e-02
   1.6270000e+03   3.8969282e-02
   1.6330000e+03   3.8841126e-02
   1.6390000e+03   3.8723086e-02
   1.6450000e+03   3.8601307e-02
   1.6510000e+03   3.8478128e-02
   1.6570000e+03   3.8376670e-02
   1.6630000e+03   3.8265343e-02
   1.6690000e+03   3.8164404e-02
   1.6750000e+03   3.8063969e-02
   1.6810000e+03   3.7973673e-02
   1.6870000e+03   3.7873010e-02
   1.6930000e+03   3.7775595e-02
   1.6990000e+03   3.7657843e-02
   1.7050000e+03   3.7559591e-02
   1.7110000e+03   3.7454257e-02
   1.7170000e+03   3.7325552e-02
   1.7230000e+03   3.7228703e-02
   1.7290000e+03   3.7125794e-02
   1.7350000e+03   3.7009195e-02
   1.7410000e+03   3.6927033e-02
   1.7470000e+03   3.6810392e-02
   1.7530000e+03   3.6668572e-02
   1.7590000e+03   3.6564699e-02
   1.7650000e+03   3.6468603e-02
   1.7710000e+03   3.6346390e-02
   1.7770000e+03   3.6256506e-02
   1.7830000e+03   3.6177268e-02
   1.7890000e+03   3.6078771e-02
   1.7950000e+03   3.5981929e-02
   1.8010000e+03   3.5887387e-02
   1.8070000e+03   3.5783397e-02
   1.8130000e+03   3.5699935e-02
   1.8190000e+03   3.5597845e-02
   1.8250000e+03   3.5497083e-02
   1.8310000e+03   3.5423041e-02
   1.8370000e+03   3.5332819e-02
   1.8430000e+03   3.5244721e-02
   1.8490000e+03   3.5138705e-02
   1.8550000e+03   3.5044875e-02
   1.8610000e+03   3.4942794e-02
   1.8670000e+03   3.4859552e-02
   1.8730000e+03   3.4773270e-02
   1.8790000e+03   3.4686428e-02
   1.8850000e+03   3.4557484e-02
   1.8910000e+03   3.4463651e-02
   1.8970000e+03   3.4371394e-02
   1.9030000e+03   3.4277039e-02
   1.9090000e+03   3.4187968e-02
   1.9150000e+03   3.4119585e-02
   1.9210000e+03   3.4044716e-02
   1.9270000e+03   3.3963258e-02
   1.9330000e+03   3.3883068e-02
   1.9390000e+03   3.3804449e-02
   1.9450000e+03   3.3705468e-02
   1.9510000e+03   3.3587441e-02
   1.9570000e+03   3.3511840e-02
   1.9630000e+03   3.3419569e-02
   1.9690000e+03   3.3340125e-02
   1.9750000e+03   3.3251075e-02
   1.9810000e+03   3.3176872e-02
   1.9870000e+03   3.3099579e-02
   1.9930000e+03   3.3005472e-02
   1.9990000e+03   3.2913615e-02
   2.0050000e+03   3.2839034e-02
   2.0110000e+03   3.2756486e-02
   2.0170000e+03   3.2668948e-02
   2.0230000e+03   3.2597959e-02
   2.0290000e+03   3.2490814e-02
   2.0350000e+03   3.2418445e-02
   2.0410000e+03   3.2332516e-02
   2.0470000e+03   3.2240185e-02
   2.0530000e+03   3.2156686e-02
   2.0590000e+03   3.2085869e-02
   2.0650000e+03   3.2004995e-02
   2.0710000e+03   3.1942447e-02
   2.0770000e+03   3.1868663e-02
   2.0830000e+03   3.1772286e-02
   2.0890000e+03   3.1689946e-02
   2.0950000e+03   3.1609056e-02
   2.1010000e+03   3.1536349e-02
   2.1070000e+03   3.1462675e-02
   2.1130000e+03   3.1394489e-02
   2.1190000e+03   3.1321079e-02
   2.1250000e+03   3.1230386e-02
   2.1310000e+03   3.1146659e-02
   2.1370000e+03   3.1056252e-02
   2.1430000e+03   3.0971320e-02
   2.1490000e+03   3.0908919e-02
   2.1550000e+03   3.0826150e-02
   2.1610000e+03   3.0740968e-02
   2.1670000e+03   3.0666143e-02
   2.1730000e+03   3.0598734e-02
   2.1790000e+03   3.0533368e-02
   2.1850000e+03   3.0453312e-02
   2.1910000e+03   3.0370158e-02
   2.1970000e+03   3.0295506e-02
   2.2030000e+03   3.0234718e-02
   2.2090000e+03   3.0150338e-02
   2.2150000e+03   3.0068799e-02
   2.2210000e+03   2.9992114e-02
   2.2270000e+03   2.9927965e-02
   2.2330000e+03   2.9861139e-02
   2.2390000e+03   2.9792671e-02
   2.2450000e+03   2.9708150e-02
   2.2510000e+03   2.9630446e-02
   2.2570000e+03   2.9561733e-02
   2.2630000e+03   2.9492363e-02
   2.2690000e+03   2.9413029e-02
   2.2750000e+03   2.9334136e-02
   2.2810000e+03   2.9261296e-02
   2.2870000e+03   2.9184318e-02
   2.2930000e+03   2.9094342e-02
   2.2990000e+03   2.9041356e-02
   2.3050000e+03   2.8973706e-02
   2.3110000e+03   2.8896694e-02
   2.3170000e+03   2.8834310e-02
   2.3230000e+03   2.8778466e-02
   2.3290000e+03   2.8719688e-02
   2.3350000e+03   2.8642480e-02
   2.3410000e+03   2.8566346e-02
   2.3470000e+03   2.8507496e-02
   2.3530000e+03   2.8444729e-02
   2.3590000e+03   2.8390787e-02
   2.3650000e+03   2.8326293e-02
   2.3710000e+03   2.8263820e-02
   2.3770000e+03   2.8202010e-02
   2.3830000e+03   2.8139477e-02
   2.3890000e+03   2.8076501e-02
   2.3950000e+03   2.8015415e-02
   2.4010000e+03   2.7940927e-02
   2.4070000e+03   2.7886410e-02
   2.4130000e+03   2.7829369e-02
   2.4190000e+03   2.7756410e-02
   2.4250000e+03   2.7699497e-02
   2.4310000e+03   2.7630114e-02
   2.4370000e+03   2.7566967e-02
   2.4430000e+03   2.7486134e-02
   2.4490000e+03   2.7426739e-02
   2.4550000e+03   2.7366105e-02
   2.4610000e+03   2.7295326e-02
   2.4670000e+03   2.7239495e-02
   2.4730000e+03   2.7188998e-02
   2.4790000e+03   2.7135308e-02
   2.4850000e+03   2.7070879e-02
   2.4910000e+03   2.7007517e-02
   2.4970000e+03   2.6957085e-02
   2.5030000e+03   2.6892439e-02
   2.5090000e+03   2.6829785e-02
   2.5150000e+03   2.6774999e-02
   2.5210000e+03   2.6720423e-02
   2.5270000e+03   2.6660904e-02
   2.5330000e+03   2.6610258e-02
   2.5390000e+03   2.6548780e-02
   2.5450000e+03   2.6500372e-02
   2.5510000e+03   2.6442240e-02
   2.5570000e+03   2.6388618e-02
   2.5630000e+03   2.6324097e-02
   2.5690000e+03   2.6266545e-02
   2.5750000e+03   2.6207793e-02
   2.5810000e+03   2.6150260e-02
   2.5870000e+03   2.6085622e-02
   2.5930000e+03   2.6022007e-02
   2.5990000e+03   2.5955110e-02
   2.6050000e+03   2.5895620e-02
   2.6110000e+03   2.5840464e-02
   2.6170000e+03   2.5775247e-02
   2.6230000e+03   2.5721043e-02
   2.6290000e+03   2.5666354e-02
   2.6350000e+03   2.5620782e-02
   2.6410000e+03   2.5558890e-02
   2.6470000e+03   2.5501401e-02
   2.6530000e+03   2.5454807e-02
   2.6590000e+03   2.5398185e-02
   2.6650000e+03   2.5329819e-02
   2.6710000e+03   2.5269628e-02
   2.6770000e+03   2.5222830e-02
   2.6830000e+03   2.5178129e-02
   2.6890000e+03   2.5118779e-02
   2.6950000e+03   2.5073460e-02
   2.7010000e+03   2.5019416e-02
   2.7070000e+03   2.4958598e-02
   2.7130000e+03   2.4904935e-02
   2.7190000e+03   2.4850036e-02
   2.7250000e+03   2.4799021e-02
   2.7310000e+03   2.4741494e-02
   2.7370000e+03   2.4684177e-02
   2.7430000e+03   2.4633815e-02
   2.7490000e+03   2.4588092e-02
   2.7550000e+03   2.4527302e-02
   2.7610000e+03   2.4463175e-02
   2.7670000e+03   2.4410725e-02
   2.7730000e+03   2.4356944e-02
   2.7790000e+03   2.4305141e-02
   2.7850000e+03   2.4254270e-02
   2.7910000e+03   2.4209772e-02
   2.7970000e+03   2.4161746e-02
   2.8030000e+03   2.4113713e-02
   2.8090000e+03   2.4059727e-02
   2.8150000e+03   2.4007881e-02
   2.8210000e+03   2.3954609e-02
   2.8270000e+03   2.3906278e-02
   2.8330000e+03   2.3859702e-02
   2.8390000e+03   2.3816595e-02
   2.8450000e+03   2.3765153e-02
   2.8510000e+03   2.3718436e-02
   2.8570000e+03   2.3665357e-02
   2.8630000e+03   2.3622842e-02
   2.8690000e+03   2.3569270e-02
   2.8750000e+03   2.3523807e-02
   2.8810000e+03   2.3472795e-02
   2.8870000e+03   2.3427313e-02
   2.8930000e+03   2.3375098e-02
   2.8990000e+03   2.3319025e-02
   2.9050000e+03   2.3271564e-02
   2.9110000e+03   2.3218161e-02
   2.9170000e+03   2.3165144e-02
   2.9230000e+03   2.3124163e-02
   2.9290000e+03   2.3077264e-02
   2.9350000e+03   2.3031637e-02
   2.9410000e+03   2.2983064e-02
   2.9470000e+03   2.2933840e-02
   2.9530000e+03   2.2890352e-02
   2.9590000e+03   2.2840647e-02
   2.9650000e+03   2.2796609e-02
   2.9710000e+03   2.2752583e-02
   2.9770000e+03   2.2712632e-02
   2.9830000e+03   2.2659319e-02
   2.9890000e+03   2.2608106e-02
   2.9950000e+03   2.2557516e-02
   3.0010000e+03   2.2498387e-02
   3.0070000e+03   2.2455094e-02
   3.0130000e+03   2.2417217e-02
   3.0190000e+03   2.2371302e-02
   3.0250000e+03   2.2330032e-02
   3.0310000e+03   2.2281934e-02
   3.0370000e+03   2.2237871e-02
   3.0430000e+03   2.2198139e-02
   3.0490000e+03   2.2153051e-02
   3.0550000e+03   2.2109270e-02
   3.0610000e+03   2.2060857e-02
   3.0670000e+03   2.2015279e-02
   3.0730000e+03   2.1975208e-02
   3.0790000e+03   2.1935554e-02
   3.0850000e+03   2.1897167e-02
   3.0910000e+03   2.1846500e-02
   3.0970000e+03   2.1808125e-02
   3.1030000e+03   2.1763654e-02
   3.1090000e+03   2.1718836e-02
   3.1150000e+03   2.1675240e-02
   3.1210000e+03   2.1626407e-02
   3.1270000e+03   2.1588625e-02
   3.1330000e+03   2.1545360e-02
   3.1390000e+03   2.1505927e-02
   3.1450000e+03   2.1465372e-02
   3.1510000e+03   2.1418310e-02
   3.1570000e+03   2.1369989e-02
   3.1630000e+03   2.1323561e-02
   3.1690000e+03   2.1280991e-02
   3.1750000e+03   2.1244511e-02
   3.1810000e+03   2.1197898e-02
   3.1870000e+03   2.1163254e-02
   3.1930000e+03   2.1118523e-02
   3.1990000e+03   2.1078289e-02
   3.2050000e+03   2.1033314e-02
   3.2110000e+03   2.0992004e-02
   3.2170000e+03   2.0948206e-02
   3.2230000e+03   2.0909938e-02
   3.2290000e+03   2.0865223e-02
   3.2350000e+03   2.0825864e-02
   3.2410000e+03   2.0782813e-02
   3.2470000e+03   2.0738705e-02
   3.2530000e+03   2.0696411e-02
   3.2590000e+03   2.0653902e-02
   3.2650000e+03   2.0610250e-02
   3.2710000e+03   2.0573810e-02
   3.2770000e+03   2.0537125e-02
   3.2830000e+03   2.0498855e-02
   3.2890000e+03   2.0459159e-02
   3.2950000e+03   2.0416883e-02
   3.3010000e+03   2.0371522e-02
   3.3070000e+03   2.0336814e-02
   3.3130000e+03   2.0295057e-02
   3.3190000e+03   2.0254689e-02
   3.3250000e+03   2.0211915e-02
   3.3310000e+03   2.0169054e-02
   3.3370000e+03   2.0125275e-02
   3.3430000e+03   2.0086083e-02
   3.3490000e+03   2.0047087e-02
   3.3550000e+03   2.0005473e-02
   3.3610000e+03   1.9973705e-02
   3.3670000e+03   1.9926915e-02
   3.3730000e+03   1.9880836e-02
   3.3790000e+03   1.9838305e-02
   3.3850000e+03   1.9803672e-02
   3.3910000e+03   1.9759940e-02
   3.3970000e+03   1.9728136e-02
   3.4030000e+03   1.9692154e-02
   3.4090000e+03   1.9654072e-02
   3.4150000e+03   1.9618684e-02
   3.4210000e+03   1.9583335e-02
   3.4270000e+03   1.9545169e-02
   3.4330000e+03   1.9510741e-02
   3.4390000e+03   1.9473701e-02
   3.4450000e+03   1.9427887e-02
   3.4510000e+03   1.9387383e-02
   3.4570000e+03   1.9347779e-02
   3.4630000e+03   1.9313234e-02
   3.4690000e+03   1.9275942e-02
   3.4750000e+03   1.9240936e-02
   3.4810000e+03   1.9201193e-02
   3.4870000e+03   1.9162948e-02
   3.4930000e+03   1.9122862e-02
   3.4990000e+03   1.9089825e-02
   3.5050000e+03   1.9049933e-02
   3.5110000e+03   1.9015078e-02
   3.5170000e+03   1.8980978e-02
   3.5230000e+03   1.8948634e-02
   3.5290000e+03   1.8916719e-02
   3.5350000e+03   1.8870510e-02
   3.5410000e+03   1.8835217e-02
   3.5470000e+03   1.8794896e-02
   3.5530000e+03   1.8759985e-02
   3.5590000e+03   1.8721942e-02
   3.5650000e+03   1.8686328e-02
   3.5710000e+03   1.8652838e-02
   3.5770000e+03   1.8621660e-02
   3.5830000e+03   1.8585049e-02
   3.5890000e+03   1.8548848e-02
   3.5950000e+03   1.8513844e-02
   3.6010000e+03   1.8481920e-02
   3.6070000e+03   1.8442883e-02
   3.6130000e+03   1.8408178e-02
   3.6190000e+03   1.8375395e-02
   3.6250000e+03   1.8340061e-02
   3.6310000e+03   1.8303577e-02
   3.6370000e+03   1.8268192e-02
   3.6430000e+03   1.8235840e-02
   3.6490000e+03   1.8201781e-02
   3.6550000e+03   1.8169309e-02
   3.6610000e+03   1.8135488e-02
   3.6670000e+03   1.8103531e-02
   3.6730000e+03   1.8070388e-02
   3.6790000e+03   1.8042267e-02
   3.6850000e+03   1.8002510e-02
   3.6910000e+03   1.7970479e-02
   3.6970000e+03   1.7936089e-02
   3.7030000e+03   1.7903254e-02
   3.7090000e+03   1.7871541e-02
   3.7150000e+03   1.7838607e-02
   3.7210000e+03   1.7807923e-02
   3.7270000e+03   1.7778424e-02
   3.7330000e+03   1.7750479e-02
   3.7390000e+03   1.7714928e-02
   3.7450000e+03   1.7677829e-02
   3.7510000e+03   1.7646772e-02
   3.7570000e+03   1.7615823e-02
   3.7630000e+03   1.7581896e-02
   3.7690000e+03   1.7551397e-02
   3.7750000e+03   1.7518834e-02
   3.7810000e+03   1.7488413e-02
   3.7870000e+03   1.7458807e-02
   3.7930000e+03   1.7425893e-02
   3.7990000e+03   1.7396386e-02
   3.8050000e+03   1.7359768e-02
   3.8110000e+03   1.7318906e-02
   3.8170000e+03   1.7282084e-02
   3.8230000e+03   1.7249096e-02
   3.8290000e+03   1.7216780e-02
   3.8350000e+03   1.7183493e-02
   3.8410000e+03   1.7150916e-02
   3.8470000e+03   1.7120935e-02
   3.8530000e+03   1.7087992e-02
   3.8590000e+03   1.7053748e-02
   3.8650000e+03   1.7023916e-02
   3.8710000e+03   1.6993963e-02
   3.8770000e+03   1.6961697e-02
   3.8830000e+03   1.6932466e-02
   3.8890000e+03   1.6897957e-02
   3.8950000e+03   1.6871356e-02
   3.9010000e+03   1.6841432e-02
   3.9070000e+03   1.6813150e-02
   3.9130000e+03   1.6784346e-02
   3.9190000e+03   1.6752570e-02
   3.9250000e+03   1.6722608e-02
   3.9310000e+03   1.6691734e-02
   3.9370000e+03   1.6656968e-02
   3.9430000e+03   1.6626395e-02
   3.9490000e+03   1.6599043e-02
   3.9550000e+03   1.6571733e-02
   3.9610000e+03   1.6542282e-02
   3.9670000e+03   1.6503619e-02
   3.9730000e+03   1.6475315e-02
   3.9790000e+03   1.6445708e-02
   3.9850000e+03   1.6419952e-02
   3.9910000e+03   1.6391237e-02
   3.9970000e+03   1.6360053e-02
   4.0030000e+03   1.6330165e-02
   4.0090000e+03   1.6302405e-02
   4.0150000e+03   1.6274478e-02
   4.0210000e+03   1.6246091e-02
   4.0270000e+03   1.6213799e-02
   4.0330000e+03   1.6180885e-02
   4.0390000e+03   1.6153435e-02
   4.0450000e+03   1.6128893e-02
   4.0510000e+03   1.6099369e-02
   4.0570000e+03   1.6069555e-02
   4.0630000e+03   1.6043637e-02
   4.0690000e+03   1.6018205e-02
   4.0750000e+03   1.5988538e-02
   4.0810000e+03   1.5955161e-02
   4.0870000e+03   1.5929505e-02
   4.0930000e+03   1.5902105e-02
   4.0990000e+03   1.5870510e-02
   4.1050000e+03   1.5837430e-02
   4.1110000e+03   1.5809077e-02
   4.1170000e+03   1.5778555e-02
   4.1230000e+03   1.5747694e-02
   4.1290000e+03   1.5718681e-02
   4.1350000e+03   1.5690624e-02
   4.1410000e+03   1.5662564e-02
   4.1470000e+03   1.5634916e-02
   4.1530000e+03   1.5605382e-02
   4.1590000e+03   1.5578859e-02
   4.1650000e+03   1.5555793e-02
   4.1710000e+03   1.5527976e-02
   4.1770000e+03   1.5497742e-02
   4.1830000e+03   1.5467059e-02
   4.1890000e+03   1.5440610e-02
   4.1950000e+03   1.5412691e-02
   4.2010000e+03   1.5387671e-02
   4.2070000e+03   1.5356947e-02
   4.2130000e+03   1.5325024e-02
   4.2190000e+03   1.5298779e-02
   4.2250000e+03   1.5274295e-02
   4.2310000e+03   1.5247637e-02
   4.2370000e+03   1.5217386e-02
   4.2430000e+03   1.5194884e-02
   4.2490000e+03   1.5164500e-02
   4.2550000e+03   1.5140407e-02
   4.2610000e+03   1.5113892e-02
   4.2670000e+03   1.5089330e-02
   4.2730000e+03   1.5061425e-02
   4.2790000e+03   1.5030954e-02
   4.2850000e+03   1.5003030e-02
   4.2910000e+03   1.4968203e-02
   4.2970000e+03   1.4942367e-02
   4.3030000e+03   1.4914730e-02
   4.3090000e+03   1.4886939e-02
   4.3150000e+03   1.4854830e-02
   4.3210000e+03   1.4832548e-02
   4.3270000e+03   1.4809688e-02
   4.3330000e+03   1.4780765e-02
   4.3390000e+03   1.4755833e-02
   4.3450000e+03   1.4728096e-02
   4.3510000e+03   1.4701659e-02
   4.3570000e+03   1.4677233e-02
   4.3630000e+03   1.4650863e-02
   4.3690000e+03   1.4627115e-02
   4.3750000e+03   1.4597452e-02
   4.3810000e+03   1.4570342e-02
   4.3870000e+03   1.4547028e-02
   4.3930000e+03   1.4518816e-02
   4.3990000e+03   1.4490858e-02
   4.4050000e+03   1.4461721e-02
   4.4110000e+03   1.4439872e-02
   4.4170000e+03   1.4412835e-02
   4.4230000e+03   1.4388113e-02
   4.4290000e+03   1.4362784e-02
   4.4350000e+03   1.4339211e-02
   4.4410000e+03   1.4314028e-02
   4.4470000e+03   1.4285405e-02
   4.4530000e+03   1.4256866e-02
   4.4590000e+03   1.4233522e-02
   4.4650000e+03   1.4207325e-02
   4.4710000e+03   1.4179448e-02
   4.4770000e+03   1.4152966e-02
   4.4830000e+03   1.4128644e-02
   4.4890000e+03   1.4106927e-02
   4.4950000e+03   1.4081395e-02
   4.5010000e+03   1.4058409e-02
   4.5070000e+03   1.4034659e-02
   4.5130000e+03   1.4008427e-02
   4.5190000e+03   1.3981431e-02
   4.5250000e+03   1.3954561e-02
   4.5310000e+03   1.3927357e-02
   4.5370000e+03   1.3899141e-02
   4.5430000e+03   1.3871735e-02
   4.5490000e+03   1.3847522e-02
   4.5550000e+03   1.3826610e-02
   4.5610000e+03   1.3805277e-02
   4.5670000e+03   1.3778858e-02
   4.5730000e+03   1.3753441e-02
   4.5790000e+03   1.3727745e-02
   4.5850000e+03   1.3698320e-02
   4.5910000e+03   1.3675010e-02
   4.5970000e+03   1.3650477e-02
   4.6030000e+03   1.3628531e-02
   4.6090000e+03   1.3605305e-02
   4.6150000e+03   1.3579386e-02
   4.6210000e+03   1.3556558e-02
   4.6270000e+03   1.3530230e-02
   4.6330000e+03   1.3506978e-02
   4.6390000e+03   1.3482878e-02
   4.6450000e+03   1.3458551e-02
   4.6510000e+03   1.3433977e-02
   4.6570000e+03   1.3410146e-02
   4.6630000e+03   1.3386939e-02
   4.6690000e+03   1.3364481e-02
   4.6750000e+03   1.3343014e-02
   4.6810000e+03   1.3320943e-02
   4.6870000e+03   1.3299292e-02
   4.6930000e+03   1.3275101e-02
   4.6990000e+03   1.3250707e-02
   4.7050000e+03   1.3225453e-02
   4.7110000e+03   1.3203089e-02
   4.7170000e+03   1.3181464e-02
   4.7230000e+03   1.3157903e-02
   4.7290000e+03   1.3134253e-02
   4.7350000e+03   1.3112820e-02
   4.7410000e+03   1.3092055e-02
   4.7470000e+03   1.3064657e-02
   4.7530000e+03   1.3043951e-02
   4.7590000e+03   1.3021674e-02
   4.7650000e+03   1.3000810e-02
   4.7710000e+03   1.2977523e-02
   4.7770000e+03   1.2955804e-02
   4.7830000e+03   1.2932847e-02
   4.7890000e+03   1.2911892e-02
   4.7950000e+03   1.2889578e-02
   4.8010000e+03   1.2866777e-02
   4.8070000e+03   1.2844417e-02
   4.8130000e+03   1.2820791e-02
   4.8190000e+03   1.2800483e-02
   4.8250000e+03   1.2778341e-02
   4.8310000e+03   1.2750330e-02
   4.8370000e+03   1.2728243e-02
   4.8430000e+03   1.2702912e-02
   4.8490000e+03   1.2668642e-02
   4.8550000e+03   1.2650712e-02
   4.8610000e+03   1.2631571e-02
   4.8670000e+03   1.2611887e-02
   4.8730000e+03   1.2591503e-02
   4.8790000e+03   1.2568633e-02
   4.8850000e+03   1.2545821e-02
   4.8910000e+03   1.2525800e-02
   4.8970000e+03   1.2505126e-02
   4.9030000e+03   1.2481432e-02
   4.9090000e+03   1.2460644e-02
   4.9150000e+03   1.2439947e-02
   4.9210000e+03   1.2419362e-02
   4.9270000e+03   1.2394668e-02
   4.9330000e+03   1.2368813e-02
   4.9390000e+03   1.2348697e-02
   4.9450000e+03   1.2327358e-02
   4.9510000e+03   1.2307783e-02
   4.9570000e+03   1.2287397e-02
   4.9630000e+03   1.2264165e-02
   4.9690000e+03   1.2243706e-02
   4.9750000e+03   1.2220672e-02
   4.9810000e+03   1.2201110e-02
   4.9870000e+03   1.2179612e-02
   4.9930000e+03   1.2157370e-02
   4.9990000e+03   1.2136330e-02
   5.0050000e+03   1.2116258e-02
   5.0110000e+03   1.2095596e-02
   5.0170000e+03   1.2077182e-02
   5.0230000e+03   1.2056837e-02
   5.0290000e+03   1.2032507e-02
   5.0350000e+03   1.2013661e-02
   5.0410000e+03   1.1992505e-02
   5.0470000e+03   1.1968829e-02
   5.0530000e+03   1.1945961e-02
   5.0590000e+03   1.1924381e-02
   5.0650000e+03   1.1903451e-02
   5.0710000e+03   1.1882346e-02
   5.0770000e+03   1.1862537e-02
   5.0830000e+03   1.1841725e-02
   5.0890000e+03   1.1824097e-02
   5.0950000e+03   1.1802938e-02
   5.1010000e+03   1.1785822e-02
   5.1070000e+03   1.1766663e-02
   5.1130000e+03   1.1746504e-02
   5.1190000e+03   1.1729112e-02
   5.1250000e+03   1.1708282e-02
   5.1310000e+03   1.1689222e-02
   5.1370000e+03   1.1671092e-02
   5.1430000e+03   1.1653131e-02
   5.1490000e+03   1.1633254e-02
   5.1550000e+03   1.1613007e-02
   5.1610000e+03   1.1590645e-02
   5.1670000e+03   1.1571418e-02
   5.1730000e+03   1.1553920e-02
   5.1790000e+03   1.1534434e-02
   5.1850000e+03   1.1514857e-02
   5.1910000e+03   1.1495128e-02
   5.1970000e+03   1.1476282e-02
   5.2030000e+03   1.1453270e-02
   5.2090000e+03   1.1432969e-02
   5.2150000e+03   1.1412538e-02
   5.2210000e+03   1.1391351e-02
   5.2270000e+03   1.1372815e-02
   5.2330000e+03   1.1353550e-02
   5.2390000e+03   1.1334617e-02
   5.2450000e+03   1.1315173e-02
   5.2510000e+03   1.1296943e-02
   5.2570000e+03   1.1277033e-02
   5.2630000e+03   1.1256330e-02
   5.2690000e+03   1.1233849e-02
   5.2750000e+03   1.1215607e-02
   5.2810000e+03   1.1198813e-02
   5.2870000e+03   1.1178038e-02
   5.2930000e+03   1.1158014e-02
   5.2990000e+03   1.1137780e-02
   5.3050000e+03   1.1115669e-02
   5.3110000e+03   1.1098977e-02
   5.3170000e+03   1.1077774e-02
   5.3230000e+03   1.1058963e-02
   5.3290000e+03   1.1041553e-02
   5.3350000e+03   1.1022483e-02
   5.3410000e+03   1.1001698e-02
   5.3470000e+03   1.0982159e-02
   5.3530000e+03   1.0965433e-02
   5.3590000e+03   1.0946525e-02
   5.3650000e+03   1.0926015e-02
   5.3710000e+03   1.0907166e-02
   5.3770000e+03   1.0889279e-02
   5.3830000e+03   1.0872133e-02
   5.3890000e+03   1.0852290e-02
   5.3950000e+03   1.0836071e-02
   5.4010000e+03   1.0818896e-02
   5.4070000e+03   1.0799637e-02
   5.4130000e+03   1.0782186e-02
   5.4190000e+03   1.0763079e-02
   5.4250000e+03   1.0745919e-02
   5.4310000e+03   1.0728279e-02
   5.4370000e+03   1.0708249e-02
   5.4430000e+03   1.0688983e-02
   5.4490000e+03   1.0670134e-02
   5.4550000e+03   1.0650996e-02
   5.4610000e+03   1.0633535e-02
   5.4670000e+03   1.0614682e-02
   5.4730000e+03   1.0597859e-02
   5.4790000e+03   1.0576740e-02
   5.4850000e+03   1.0560262e-02
   5.4910000e+03   1.0542456e-02
   5.4970000e+03   1.0525286e-02
   5.5030000e+03   1.0506520e-02
   5.5090000e+03   1.0487927e-02
   5.5150000e+03   1.0469479e-02
   5.5210000e+03   1.0451821e-02
   5.5270000e+03   1.0434841e-02
   5.5330000e+03   1.0416162e-02
   5.5390000e+03   1.0398934e-02
   5.5450000e+03   1.0382712e-02
   5.5510000e+03   1.0366996e-02
   5.5570000e+03   1.0350057e-02
   5.5630000e+03   1.0329567e-02
   5.5690000e+03   1.0312606e-02
   5.5750000e+03   1.0295590e-02
   5.5810000e+03   1.0278087e-02
   5.5870000e+03   1.0261501e-02
   5.5930000e+03   1.0244711e-02
   5.5990000e+03   1.0226960e-02
   5.6050000e+03   1.0210476e-02
   5.6110000e+03   1.0191881e-02
   5.6170000e+03   1.0174650e-02
   5.6230000e+03   1.0159088e-02
   5.6290000e+03   1.0142632e-02
   5.6350000e+03   1.0125673e-02
   5.6410000e+03   1.0108143e-02
   5.6470000e+03   1.0091950e-02
   5.6530000e+03   1.0075542e-02
   5.6590000e+03   1.0058632e-02
   5.6650000e+03   1.0042486e-02
   5.6710000e+03   1.0024939e-02
   5.6770000e+03   1.0007734e-02
   5.6830000e+03   9.9905079e-03
   5.6890000e+03   9.9732657e-03
   5.6950000e+03   9.9564705e-03
   5.7010000e+03   9.9414112e-03
   5.7070000e+03   9.9227045e-03
   5.7130000e+03   9.9047865e-03
   5.7190000e+03   9.8899319e-03
   5.7250000e+03   9.8720866e-03
   5.7310000e+03   9.8549001e-03
   5.7370000e+03   9.8386272e-03
   5.7430000e+03   9.8227382e-03
   5.7490000e+03   9.8063852e-03
   5.7550000e+03   9.7906558e-03
   5.7610000e+03   9.7735430e-03
   5.7670000e+03   9.7554123e-03
   5.7730000e+03   9.7394577e-03
   5.7790000e+03   9.7216929e-03
   5.7850000e+03   9.7054774e-03
   5.7910000e+03   9.6881555e-03
   5.7970000e+03   9.6712172e-03
   5.8030000e+03   9.6550054e-03
   5.8090000e+03   9.6388222e-03
   5.8150000e+03   9.6198636e-03
   5.8210000e+03   9.6044463e-03
   5.8270000e+03   9.5873807e-03
   5.8330000e+03   9.5699801e-03
   5.8390000e+03   9.5546489e-03
   5.8450000e+03   9.5388977e-03
   5.8510000e+03   9.5220762e-03
   5.8570000e+03   9.5060176e-03
   5.8630000e+03   9.4895323e-03
   5.8690000e+03   9.4728977e-03
   5.8750000e+03   9.4568690e-03
   5.8810000e+03   9.4400522e-03
   5.8870000e+03   9.4238165e-03
   5.8930000e+03   9.4087993e-03
   5.8990000e+03   9.3929707e-03
   5.9050000e+03   9.3777636e-03
   5.9110000e+03   9.3616244e-03
   5.9170000e+03   9.3464037e-03
   5.9230000e+03   9.3297368e-03
   5.9290000e+03   9.3136255e-03
   5.9350000e+03   9.2969512e-03
   5.9410000e+03   9.2775055e-03
   5.9470000e+03   9.2630208e-03
   5.9530000e+03   9.2482356e-03
   5.9590000e+03   9.2313082e-03
   5.9650000e+03   9.2176986e-03
   5.9710000e+03   9.2003553e-03
   5.9770000e+03   9.1841628e-03
   5.9830000e+03   9.1687935e-03
   5.9890000e+03   9.1530944e-03
   5.9950000e+03   9.1369468e-03
   6.0010000e+03   9.1205515e-03
   6.0070000e+03   9.1060730e-03
   6.0130000e+03   9.0905873e-03
   6.0190000e+03   9.0764130e-03
   6.0250000e+03   9.0601879e-03
   6.0310000e+03   9.0455718e-03
   6.0370000e+03   9.0322988e-03
   6.0430000e+03   9.0138109e-03
   6.0490000e+03   8.9983436e-03
   6.0550000e+03   8.9844776e-03
   6.0610000e+03   8.9687095e-03
   6.0670000e+03   8.9532121e-03
   6.0730000e+03   8.9385648e-03
   6.0790000e+03   8.9209915e-03
   6.0850000e+03   8.9070810e-03
   6.0910000e+03   8.8918351e-03
   6.0970000e+03   8.8781986e-03
   6.1030000e+03   8.8627170e-03
   6.1090000e+03   8.8484909e-03
   6.1150000e+03   8.8341963e-03
   6.1210000e+03   8.8191758e-03
   6.1270000e+03   8.8024978e-03
   6.1330000e+03   8.7870729e-03
   6.1390000e+03   8.7735864e-03
   6.1450000e+03   8.7580212e-03
   6.1510000e+03   8.7435298e-03
   6.1570000e+03   8.7276487e-03
   6.1630000e+03   8.7140800e-03
   6.1690000e+03   8.7006126e-03
   6.1750000e+03   8.6848285e-03
   6.1810000e+03   8.6710691e-03
   6.1870000e+03   8.6586617e-03
   6.1930000e+03   8.6434162e-03
   6.1990000e+03   8.6278842e-03
   6.2050000e+03   8.6139289e-03
   6.2110000e+03   8.6001710e-03
   6.2170000e+03   8.5866822e-03
   6.2230000e+03   8.5707437e-03
   6.2290000e+03   8.5565318e-03
   6.2350000e+03   8.5430235e-03
   6.2410000e+03   8.5280687e-03
   6.2470000e+03   8.5138858e-03
   6.2530000e+03   8.4992859e-03
   6.2590000e+03   8.4858250e-03
   6.2650000e+03   8.4720742e-03
   6.2710000e+03   8.4560379e-03
   6.2770000e+03   8.4422430e-03
   6.2830000e+03   8.4280931e-03
   6.2890000e+03   8.4127669e-03
   6.2950000e+03   8.3973099e-03
   6.3010000e+03   8.3830058e-03
   6.3070000e+03   8.3695966e-03
   6.3130000e+03   8.3542099e-03
   6.3190000e+03   8.3407598e-03
   6.3250000e+03   8.3275672e-03
   6.3310000e+03   8.3139537e-03
   6.3370000e+03   8.3009880e-03
   6.3430000e+03   8.2874420e-03
   6.3490000e+03   8.2703734e-03
   6.3550000e+03   8.2572253e-03
   6.3610000e+03   8.2426194e-03
   6.3670000e+03   8.2275584e-03
   6.3730000e+03   8.2140460e-03
   6.3790000e+03   8.1992100e-03
   6.3850000e+03   8.1847981e-03
   6.3910000e+03   8.1710322e-03
   6.3970000e+03   8.1564572e-03
   6.4030000e+03   8.1435127e-03
   6.4090000e+03   8.1287977e-03
   6.4150000e+03   8.1156058e-03
   6.4210000e+03   8.1007316e-03
   6.4270000e+03   8.0869829e-03
   6.4330000e+03   8.0727151e-03
   6.4390000e+03   8.0604475e-03
   6.4450000e+03   8.0479161e-03
   6.4510000e+03   8.0349878e-03
   6.4570000e+03   8.0214605e-03
   6.4630000e+03   8.0075354e-03
   6.4690000e+03   7.9953676e-03
   6.4750000e+03   7.9816476e-03
   6.4810000e+03   7.9684228e-03
   6.4870000e+03   7.9551909e-03
   6.4930000e+03   7.9417318e-03
   6.4990000e+03   7.9280153e-03
   6.5050000e+03   7.9154817e-03
   6.5110000e+03   7.9000024e-03
   6.5170000e+03   7.8865543e-03
   6.5230000e+03   7.8733043e-03
   6.5290000e+03   7.8589808e-03
   6.5350000e+03   7.8455913e-03
   6.5410000e+03   7.8328046e-03
   6.5470000e+03   7.8169190e-03
   6.5530000e+03   7.8026980e-03
   6.5590000e+03   7.7893148e-03
   6.5650000e+03   7.7760123e-03
   6.5710000e+03   7.7620651e-03
   6.5770000e+03   7.7498681e-03
   6.5830000e+03   7.7368762e-03
   6.5890000e+03   7.7229784e-03
   6.5950000e+03   7.7108307e-03
   6.6010000e+03   7.6960750e-03
   6.6070000e+03   7.6827435e-03
   6.6130000e+03   7.6691090e-03
   6.6190000e+03   7.6579710e-03
   6.6250000e+03   7.6431837e-03
   6.6310000e+03   7.6304055e-03
   6.6370000e+03   7.6174740e-03
   6.6430000e+03   7.6041271e-03
   6.6490000e+03   7.5893081e-03
   6.6550000e+03   7.5771831e-03
   6.6610000e+03   7.5654293e-03
   6.6670000e+03   7.5536728e-03
   6.6730000e+03   7.5405527e-03
   6.6790000e+03   7.5285832e-03
   6.6850000e+03   7.5161745e-03
   6.6910000e+03   7.5037121e-03
   6.6970000e+03   7.4909989e-03
   6.7030000e+03   7.4787226e-03
   6.7090000e+03   7.4661013e-03
   6.7150000e+03   7.4540186e-03
   6.7210000e+03   7.4414506e-03
   6.7270000e+03   7.4289089e-03
   6.7330000e+03   7.4170388e-03
   6.7390000e+03   7.4043788e-03
   6.7450000e+03   7.3921149e-03
   6.7510000e+03   7.3786106e-03
   6.7570000e+03   7.3671382e-03
   6.7630000e+03   7.3549376e-03
   6.7690000e+03   7.3425561e-03
   6.7750000e+03   7.3280456e-03
   6.7810000e+03   7.3159203e-03
   6.7870000e+03   7.3026675e-03
   6.7930000e+03   7.2914275e-03
   6.7990000e+03   7.2797749e-03
   6.8050000e+03   7.2684977e-03
   6.8110000e+03   7.2556769e-03
   6.8170000e+03   7.2439210e-03
   6.8230000e+03   7.2321721e-03
   6.8290000e+03   7.2192770e-03
   6.8350000e+03   7.2049887e-03
   6.8410000e+03   7.1931912e-03
   6.8470000e+03   7.1814097e-03
   6.8530000e+03   7.1687338e-03
   6.8590000e+03   7.1566604e-03
   6.8650000e+03   7.1453662e-03
   6.8710000e+03   7.1338744e-03
   6.8770000e+03   7.1217349e-03
   6.8830000e+03   7.1087118e-03
   6.8890000e+03   7.0969568e-03
   6.8950000e+03   7.0843153e-03
   6.9010000e+03   7.0735273e-03
   6.9070000e+03   7.0606060e-03
   6.9130000e+03   7.0484832e-03
   6.9190000e+03   7.0365207e-03
   6.9250000e+03   7.0246032e-03
   6.9310000e+03   7.0127744e-03
   6.9370000e+03   6.9994643e-03
   6.9430000e+03   6.9862592e-03
   6.9490000e+03   6.9737753e-03
   6.9550000e+03   6.9619483e-03
   6.9610000e+03   6.9500388e-03
   6.9670000e+03   6.9386442e-03
   6.9730000e+03   6.9263336e-03
   6.9790000e+03   6.9126970e-03
   6.9850000e+03   6.9009830e-03
   6.9910000e+03   6.8889915e-03
   6.9970000e+03   6.8754884e-03
   7.0030000e+03   6.8643517e-03
   7.0090000e+03   6.8527536e-03
   7.0150000e+03   6.8408910e-03
   7.0210000e+03   6.8280404e-03
   7.0270000e+03   6.8164029e-03
   7.0330000e+03   6.8044304e-03
   7.0390000e+03   6.7925274e-03
   7.0450000e+03   6.7806832e-03
   7.0510000e+03   6.7690925e-03
   7.0570000e+03   6.7577733e-03
   7.0630000e+03   6.7472781e-03
   7.0690000e+03   6.7358141e-03
   7.0750000e+03   6.7246385e-03
   7.0810000e+03   6.7130413e-03
   7.0870000e+03   6.7024923e-03
   7.0930000e+03   6.6898159e-03
   7.0990000e+03   6.6782596e-03
   7.1050000e+03   6.6666614e-03
   7.1110000e+03   6.6549480e-03
   7.1170000e+03   6.6432113e-03
   7.1230000e+03   6.6306607e-03
   7.1290000e+03   6.6194272e-03
   7.1350000e+03   6.6082299e-03
   7.1410000e+03   6.5976084e-03
   7.1470000e+03   6.5860599e-03
   7.1530000e+03   6.5746675e-03
   7.1590000e+03   6.5625204e-03
   7.1650000e+03   6.5488942e-03
   7.1710000e+03   6.5381993e-03
   7.1770000e+03   6.5262077e-03
   7.1830000e+03   6.5146984e-03
   7.1890000e+03   6.5047553e-03
   7.1950000e+03   6.4930910e-03
   7.2010000e+03   6.4821225e-03
   7.2070000e+03   6.4711768e-03
   7.2130000e+03   6.4603164e-03
   7.2190000e+03   6.4496632e-03
   7.2250000e+03   6.4387225e-03
   7.2310000e+03   6.4266176e-03
   7.2370000e+03   6.4169725e-03
   7.2430000e+03   6.4059200e-03
   7.2490000e+03   6.3953522e-03
   7.2550000e+03   6.3847107e-03
   7.2610000e+03   6.3736123e-03
   7.2670000e+03   6.3627800e-03
   7.2730000e+03   6.3525474e-03
   7.2790000e+03   6.3417074e-03
   7.2850000e+03   6.3309244e-03
   7.2910000e+03   6.3189950e-03
   7.2970000e+03   6.3087425e-03
   7.3030000e+03   6.2981497e-03
   7.3090000e+03   6.2852414e-03
   7.3150000e+03   6.2732657e-03
   7.3210000e+03   6.2624497e-03
   7.3270000e+03   6.2522433e-03
   7.3330000e+03   6.2418775e-03
   7.3390000e+03   6.2318022e-03
   7.3450000e+03   6.2202995e-03
   7.3510000e+03   6.2100220e-03
   7.3570000e+03   6.1992078e-03
   7.3630000e+03   6.1888032e-03
   7.3690000e+03   6.1770218e-03
   7.3750000e+03   6.1662606e-03
   7.3810000e+03   6.1561648e-03
   7.3870000e+03   6.1431176e-03
   7.3930000e+03   6.1326333e-03
   7.3990000e+03   6.1217504e-03
   7.4050000e+03   6.1114269e-03
   7.4110000e+03   6.1004775e-03
   7.4170000e+03   6.0907765e-03
   7.4230000e+03   6.0807836e-03
   7.4290000e+03   6.0678387e-03
   7.4350000e+03   6.0577545e-03
   7.4410000e+03   6.0474242e-03
   7.4470000e+03   6.0379017e-03
   7.4530000e+03   6.0271061e-03
   7.4590000e+03   6.0173478e-03
   7.4650000e+03   6.0068723e-03
   7.4710000e+03   5.9960897e-03
   7.4770000e+03   5.9857221e-03
   7.4830000e+03   5.9748005e-03
   7.4890000e+03   5.9648772e-03
   7.4950000e+03   5.9542714e-03
   7.5010000e+03   5.9431068e-03
   7.5070000e+03   5.9326987e-03
   7.5130000e+03   5.9223169e-03
   7.5190000e+03   5.9097047e-03
   7.5250000e+03   5.8991678e-03
   7.5310000e+03   5.8893649e-03
   7.5370000e+03   5.8797114e-03
   7.5430000e+03   5.8703311e-03
   7.5490000e+03   5.8592766e-03
   7.5550000e+03   5.8483843e-03
   7.5610000e+03   5.8385222e-03
   7.5670000e+03   5.8290782e-03
   7.5730000e+03   5.8193723e-03
   7.5790000e+03   5.8086503e-03
   7.5850000e+03   5.7987638e-03
   7.5910000e+03   5.7882558e-03
   7.5970000e+03   5.7779718e-03
   7.6030000e+03   5.7678061e-03
   7.6090000e+03   5.7567662e-03
   7.6150000e+03   5.7471236e-03
   7.6210000e+03   5.7366973e-03
   7.6270000e+03   5.7266369e-03
   7.6330000e+03   5.7159182e-03
   7.6390000e+03   5.7059026e-03
   7.6450000e+03   5.6959934e-03
   7.6510000e+03   5.6859825e-03
   7.6570000e+03   5.6760860e-03
   7.6630000e+03   5.6666876e-03
   7.6690000e+03   5.6566939e-03
   7.6750000e+03   5.6465168e-03
   7.6810000e+03   5.6357881e-03
   7.6870000e+03   5.6261513e-03
   7.6930000e+03   5.6166333e-03
   7.6990000e+03   5.6070533e-03
   7.7050000e+03   5.5971261e-03
   7.7110000e+03   5.5861462e-03
   7.7170000e+03   5.5763977e-03
   7.7230000e+03   5.5667119e-03
   7.7290000e+03   5.5574440e-03
   7.7350000e+03   5.5470363e-03
   7.7410000e+03   5.5366107e-03
   7.7470000e+03   5.5259185e-03
   7.7530000e+03   5.5160108e-03
   7.7590000e+03   5.5056706e-03
   7.7650000e+03   5.4967053e-03
   7.7710000e+03   5.4873360e-03
   7.7770000e+03   5.4772393e-03
   7.7830000e+03   5.4676005e-03
   7.7890000e+03   5.4584099e-03
   7.7950000e+03   5.4479723e-03
   7.8010000e+03   5.4377991e-03
   7.8070000e+03   5.4279624e-03
   7.8130000e+03   5.4192089e-03
   7.8190000e+03   5.4096438e-03
   7.8250000e+03   5.4002043e-03
   7.8310000e+03   5.3911345e-03
   7.8370000e+03   5.3799875e-03
   7.8430000e+03   5.3708670e-03
   7.8490000e+03   5.3616933e-03
   7.8550000e+03   5.3514638e-03
   7.8610000e+03   5.3419068e-03
   7.8670000e+03   5.3325994e-03
   7.8730000e+03   5.3234432e-03
   7.8790000e+03   5.3145767e-03
   7.8850000e+03   5.3042315e-03
   7.8910000e+03   5.2943549e-03
   7.8970000e+03   5.2852167e-03
   7.9030000e+03   5.2765519e-03
   7.9090000e+03   5.2674599e-03
   7.9150000e+03   5.2587774e-03
   7.9210000e+03   5.2495884e-03
   7.9270000e+03   5.2393590e-03
   7.9330000e+03   5.2305211e-03
   7.9390000e+03   5.2217739e-03
   7.9450000e+03   5.2128740e-03
   7.9510000e+03   5.2040479e-03
   7.9570000e+03   5.1947639e-03
   7.9630000e+03   5.1859375e-03
   7.9690000e+03   5.1767968e-03
   7.9750000e+03   5.1671855e-03
   7.9810000e+03   5.1578312e-03
   7.9870000e+03   5.1487284e-03
   7.9930000e+03   5.1400502e-03
   7.9990000e+03   5.1303659e-03
   8.0050000e+03   5.1215307e-03
   8.0110000e+03   5.1127043e-03
   8.0170000e+03   5.1035265e-03
   8.0230000e+03   5.0946459e-03
   8.0290000e+03   5.0848551e-03
   8.0350000e+03   5.0737642e-03
   8.0410000e+03   5.0647480e-03
   8.0470000e+03   5.0552753e-03
   8.0530000e+03   5.0463495e-03
   8.0590000e+03   5.0375581e-03
   8.0650000e+03   5.0282825e-03
   8.0710000e+03   5.0191593e-03
   8.0770000e+03   5.0102655e-03
   8.0830000e+03   5.0018178e-03
   8.0890000e+03   4.9932679e-03
   8.0950000e+03   4.9843898e-03
   8.1010000e+03   4.9757616e-03
   8.1070000e+03   4.9670440e-03
   8.1130000e+03   4.9587288e-03
   8.1190000e+03   4.9500508e-03
   8.1250000e+03   4.9403187e-03
   8.1310000e+03   4.9316836e-03
   8.1370000e+03   4.9214310e-03
   8.1430000e+03   4.9122786e-03
   8.1490000e+03   4.9038014e-03
   8.1550000e+03   4.8953825e-03
   8.1610000e+03   4.8859524e-03
   8.1670000e+03   4.8770794e-03
   8.1730000e+03   4.8676792e-03
   8.1790000e+03   4.8596252e-03
   8.1850000e+03   4.8501569e-03
   8.1910000e+03   4.8406624e-03
   8.1970000e+03   4.8320440e-03
   8.2030000e+03   4.8234808e-03
   8.2090000e+03   4.8146278e-03
   8.2150000e+03   4.8065459e-03
   8.2210000e+03   4.7978744e-03
   8.2270000e+03   4.7890559e-03
   8.2330000e+03   4.7809054e-03
   8.2390000e+03   4.7719288e-03
   8.2450000e+03   4.7634697e-03
   8.2510000e+03   4.7543025e-03
   8.2570000e+03   4.7451913e-03
   8.2630000e+03   4.7355063e-03
   8.2690000e+03   4.7267635e-03
   8.2750000e+03   4.7184641e-03
   8.2810000e+03   4.7102322e-03
   8.2870000e+03   4.7013090e-03
   8.2930000e+03   4.6927860e-03
   8.2990000e+03   4.6848380e-03
   8.3050000e+03   4.6769447e-03
   8.3110000e+03   4.6686567e-03
   8.3170000e+03   4.6599827e-03
   8.3230000e+03   4.6517716e-03
   8.3290000e+03   4.6429322e-03
   8.3350000e+03   4.6341142e-03
   8.3410000e+03   4.6250378e-03
   8.3470000e+03   4.6167896e-03
   8.3530000e+03   4.6079489e-03
   8.3590000e+03   4.6000800e-03
   8.3650000e+03   4.5915548e-03
   8.3710000e+03   4.5819995e-03
   8.3770000e+03   4.5738963e-03
   8.3830000e+03   4.5653775e-03
   8.3890000e+03   4.5561954e-03
   8.3950000e+03   4.5483096e-03
   8.4010000e+03   4.5403364e-03
   8.4070000e+03   4.5313067e-03
   8.4130000e+03   4.5228941e-03
   8.4190000e+03   4.5148689e-03
   8.4250000e+03   4.5058875e-03
   8.4310000e+03   4.4974287e-03
   8.4370000e+03   4.4884501e-03
   8.4430000e+03   4.4802021e-03
   8.4490000e+03   4.4711285e-03
   8.4550000e+03   4.4630320e-03
   8.4610000e+03   4.4553509e-03
   8.4670000e+03   4.4466898e-03
   8.4730000e+03   4.4387777e-03
   8.4790000e+03   4.4301136e-03
   8.4850000e+03   4.4220495e-03
   8.4910000e+03   4.4141624e-03
   8.4970000e+03   4.4058709e-03
   8.5030000e+03   4.3980541e-03
   8.5090000e+03   4.3902082e-03
   8.5150000e+03   4.3822920e-03
   8.5210000e+03   4.3741704e-03
   8.5270000e+03   4.3659767e-03
   8.5330000e+03   4.3583722e-03
   8.5390000e+03   4.3506336e-03
   8.5450000e+03   4.3425751e-03
   8.5510000e+03   4.3346186e-03
   8.5570000e+03   4.3272257e-03
   8.5630000e+03   4.3188088e-03
   8.5690000e+03   4.3108442e-03
   8.5750000e+03   4.3031094e-03
   8.5810000e+03   4.2946860e-03
   8.5870000e+03   4.2864463e-03
   8.5930000e+03   4.2787712e-03
   8.5990000e+03   4.2706710e-03
   8.6050000e+03   4.2620457e-03
   8.6110000e+03   4.2537137e-03
   8.6170000e+03   4.2459110e-03
   8.6230000e+03   4.2372779e-03
   8.6290000e+03   4.2290595e-03
   8.6350000e+03   4.2211616e-03
   8.6410000e+03   4.2130355e-03
   8.6470000e+03   4.2055195e-03
   8.6530000e+03   4.1977188e-03
   8.6590000e+03   4.1900605e-03
   8.6650000e+03   4.1824387e-03
   8.6710000e+03   4.1747551e-03
   8.6770000e+03   4.1671436e-03
   8.6830000e+03   4.1587843e-03
   8.6890000e+03   4.1512655e-03
   8.6950000e+03   4.1435158e-03
   8.7010000e+03   4.1341408e-03
   8.7070000e+03   4.1268547e-03
   8.7130000e+03   4.1186663e-03
   8.7190000e+03   4.1107240e-03
   8.7250000e+03   4.1021957e-03
   8.7310000e+03   4.0948131e-03
   8.7370000e+03   4.0877945e-03
   8.7430000e+03   4.0802645e-03
   8.7490000e+03   4.0724479e-03
   8.7550000e+03   4.0643796e-03
   8.7610000e+03   4.0564885e-03
   8.7670000e+03   4.0487880e-03
   8.7730000e+03   4.0410929e-03
   8.7790000e+03   4.0332377e-03
   8.7850000e+03   4.0253870e-03
   8.7910000e+03   4.0169980e-03
   8.7970000e+03   4.0095279e-03
   8.8030000e+03   4.0022903e-03
   8.8090000e+03   3.9950251e-03
   8.8150000e+03   3.9872383e-03
   8.8210000e+03   3.9798154e-03
   8.8270000e+03   3.9723028e-03
   8.8330000e+03   3.9652589e-03
   8.8390000e+03   3.9570084e-03
   8.8450000e+03   3.9497482e-03
   8.8510000e+03   3.9421753e-03
   8.8570000e+03   3.9347225e-03
   8.8630000e+03   3.9276797e-03
   8.8690000e+03   3.9200808e-03
   8.8750000e+03   3.9117107e-03
   8.8810000e+03   3.9040952e-03
   8.8870000e+03   3.8956305e-03
   8.8930000e+03   3.8879858e-03
   8.8990000e+03   3.8813517e-03
   8.9050000e+03   3.8732257e-03
   8.9110000e+03   3.8662825e-03
   8.9170000e+03   3.8589167e-03
   8.9230000e+03   3.8486264e-03
   8.9290000e+03   3.8407551e-03
   8.9350000e+03   3.8339747e-03
   8.9410000e+03   3.8266076e-03
   8.9470000e+03   3.8188750e-03
   8.9530000e+03   3.8106394e-03
   8.9590000e+03   3.8028395e-03
   8.9650000e+03   3.7958645e-03
   8.9710000e+03   3.7886895e-03
   8.9770000e+03   3.7811429e-03
   8.9830000e+03   3.7740084e-03
   8.9890000e+03   3.7664468e-03
   8.9950000e+03   3.7593841e-03
   9.0010000e+03   3.7524576e-03
   9.0070000e+03   3.7450378e-03
   9.0130000e+03   3.7380777e-03
   9.0190000e+03   3.7308573e-03
   9.0250000e+03   3.7233409e-03
   9.0310000e+03   3.7167708e-03
   9.0370000e+03   3.7094122e-03
   9.0430000e+03   3.7018669e-03
   9.0490000e+03   3.6941145e-03
   9.0550000e+03   3.6868491e-03
   9.0610000e+03   3.6800806e-03
   9.0670000e+03   3.6720075e-03
   9.0730000e+03   3.6643090e-03
   9.0790000e+03   3.6572527e-03
   9.0850000e+03   3.6504606e-03
   9.0910000e+03   3.6433857e-03
   9.0970000e+03   3.6365567e-03
   9.1030000e+03   3.6296134e-03
   9.1090000e+03   3.6224828e-03
   9.1150000e+03   3.6160044e-03
   9.1210000e+03   3.6085492e-03
   9.1270000e+03   3.6013189e-03
   9.1330000e+03   3.5943673e-03
   9.1390000e+03   3.5876654e-03
   9.1450000e+03   3.5805854e-03
   9.1510000e+03   3.5727004e-03
   9.1570000e+03   3.5660575e-03
   9.1630000e+03   3.5588692e-03
   9.1690000e+03   3.5518701e-03
   9.1750000e+03   3.5451336e-03
   9.1810000e+03   3.5385573e-03
   9.1870000e+03   3.5315942e-03
   9.1930000e+03   3.5247948e-03
   9.1990000e+03   3.5176503e-03
   9.2050000e+03   3.5109606e-03
   9.2110000e+03   3.5029657e-03
   9.2170000e+03   3.4953002e-03
   9.2230000e+03   3.4883696e-03
   9.2290000e+03   3.4819997e-03
   9.2350000e+03   3.4746380e-03
   9.2410000e+03   3.4679303e-03
   9.2470000e+03   3.4606098e-03
   9.2530000e+03   3.4538617e-03
   9.2590000e+03   3.4472170e-03
   9.2650000e+03   3.4402249e-03
   9.2710000e+03   3.4338508e-03
   9.2770000e+03   3.4273633e-03
   9.2830000e+03   3.4212781e-03
   9.2890000e+03   3.4148654e-03
   9.2950000e+03   3.4086436e-03
   9.3010000e+03   3.4022127e-03
   9.3070000e+03   3.3954133e-03
   9.3130000e+03   3.3890796e-03
   9.3190000e+03   3.3821674e-03
   9.3250000e+03   3.3752562e-03
   9.3310000e+03   3.3688301e-03
   9.3370000e+03   3.3615835e-03
   9.3430000e+03   3.3551764e-03
   9.3490000e+03   3.3488198e-03
   9.3550000e+03   3.3422885e-03
   9.3610000e+03   3.3359538e-03
   9.3670000e+03   3.3293583e-03
   9.3730000e+03   3.3228335e-03
   9.3790000e+03   3.3159144e-03
   9.3850000e+03   3.3093663e-03
   9.3910000e+03   3.3019023e-03
   9.3970000e+03   3.2952151e-03
   9.4030000e+03   3.2880546e-03
   9.4090000e+03   3.2813981e-03
   9.4150000e+03   3.2747513e-03
   9.4210000e+03   3.2682661e-03
   9.4270000e+03   3.2600529e-03
   9.4330000e+03   3.2537277e-03
   9.4390000e+03   3.2475447e-03
   9.4450000e+03   3.2408507e-03
   9.4510000e+03   3.2340669e-03
   9.4570000e+03   3.2278497e-03
   9.4630000e+03   3.2200405e-03
   9.4690000e+03   3.2140238e-03
   9.4750000e+03   3.2078013e-03
   9.4810000e+03   3.2011571e-03
   9.4870000e+03   3.1942165e-03
   9.4930000e+03   3.1874162e-03
   9.4990000e+03   3.1808469e-03
   9.5050000e+03   3.1739509e-03
   9.5110000e+03   3.1674892e-03
   9.5170000e+03   3.1612020e-03
   9.5230000e+03   3.1545947e-03
   9.5290000e+03   3.1484556e-03
   9.5350000e+03   3.1423103e-03
   9.5410000e+03   3.1354939e-03
   9.5470000e+03   3.1291791e-03
   9.5530000e+03   3.1230994e-03
   9.5590000e+03   3.1168944e-03
   9.5650000e+03   3.1106226e-03
   9.5710000e+03   3.1043647e-03
   9.5770000e+03   3.0976801e-03
   9.5830000e+03   3.0915216e-03
   9.5890000e+03   3.0854877e-03
   9.5950000e+03   3.0794699e-03
   9.6010000e+03   3.0724428e-03
   9.6070000e+03   3.0655539e-03
   9.6130000e+03   3.0596675e-03
   9.6190000e+03   3.0532997e-03
   9.6250000e+03   3.0467219e-03
   9.6310000e+03   3.0403489e-03
   9.6370000e+03   3.0339268e-03
   9.6430000e+03   3.0272376e-03
   9.6490000e+03   3.0205265e-03
   9.6550000e+03   3.0148769e-03
   9.6610000e+03   3.0089032e-03
   9.6670000e+03   3.0026944e-03
   9.6730000e+03   2.9961250e-03
   9.6790000e+03   2.9900916e-03
   9.6850000e+03   2.9834115e-03
   9.6910000e+03   2.9770660e-03
   9.6970000e+03   2.9708300e-03
   9.7030000e+03   2.9642974e-03
   9.7090000e+03   2.9584005e-03
   9.7150000e+03   2.9524867e-03
   9.7210000e+03   2.9464018e-03
   9.7270000e+03   2.9399024e-03
   9.7330000e+03   2.9343149e-03
   9.7390000e+03   2.9279216e-03
   9.7450000e+03   2.9222778e-03
   9.7510000e+03   2.9153017e-03
   9.7570000e+03   2.9090890e-03
   9.7630000e+03   2.9031219e-03
   9.7690000e+03   2.8965134e-03
   9.7750000e+03   2.8893222e-03
   9.7810000e+03   2.8832468e-03
   9.7870000e+03   2.8773567e-03
   9.7930000e+03   2.8716733e-03
   9.7990000e+03   2.8658425e-03
   9.8050000e+03   2.8595365e-03
   9.8110000e+03   2.8524726e-03
   9.8170000e+03   2.8458761e-03
   9.8230000e+03   2.8402517e-03
   9.8290000e+03   2.8346663e-03
   9.8350000e+03   2.8285122e-03
   9.8410000e+03   2.8227906e-03
   9.8470000e+03   2.8166408e-03
   9.8530000e+03   2.8107617e-03
   9.8590000e+03   2.8051362e-03
   9.8650000e+03   2.7994115e-03
   9.8710000e+03   2.7935277e-03
   9.8770000e+03   2.7878778e-03
   9.8830000e+03   2.7817654e-03
   9.8890000e+03   2.7755588e-03
   9.8950000e+03   2.7698416e-03
   9.9010000e+03   2.7641872e-03
   9.9070000e+03   2.7582576e-03
   9.9130000e+03   2.7524523e-03
   9.9190000e+03   2.7462979e-03
   9.9250000e+03   2.7405771e-03
   9.9310000e+03   2.7351066e-03
   9.9370000e+03   2.7296633e-03
   9.9430000e+03   2.7235519e-03
   9.9490000e+03   2.7178757e-03
   9.9550000e+03   2.7118530e-03
   9.9610000e+03   2.7060436e-03
   9.9670000e+03   2.6998886e-03
   9.9730000e+03   2.6942246e-03
   9.9790000e+03   2.6888040e-03
   9.9850000e+03   2.6829014e-03
   9.9910000e+03   2.6770105e-03
   9.9970000e+03   2.6708901e-03
   1.0003000e+04   2.6648761e-03
   1.0009000e+04   2.6592649e-03
   1.0015000e+04   2.6534249e-03
   1.0021000e+04   2.6477298e-03
   1.0027000e+04   2.6420204e-03
   1.0033000e+04   2.6360853e-03
   1.0039000e+04   2.6306541e-03
   1.0045000e+04   2.6245346e-03
   1.0051000e+04   2.6189831e-03
   1.0057000e+04   2.6136088e-03
   1.0063000e+04   2.6082717e-03
   1.0069000e+04   2.6024646e-03
   1.0075000e+04   2.5968551e-03
   1.0081000e+04   2.5910388e-03
   1.0087000e+04   2.5855534e-03
   1.0093000e+04   2.5800248e-03
   1.0099000e+04   2.5739974e-03
   1.0105000e+04   2.5682905e-03
   1.0111000e+04   2.5630080e-03
   1.0117000e+04   2.5577470e-03
   1.0123000e+04   2.5522508e-03
   1.0129000e+04   2.5462325e-03
   1.0135000e+04   2.5407537e-03
   1.0141000e+04   2.5353706e-03
   1.0147000e+04   2.5300220e-03
   1.0153000e+04   2.5245969e-03
   1.0159000e+04   2.5193084e-03
   1.0165000e+04   2.5139841e-03
   1.0171000e+04   2.5085680e-03
   1.0177000e+04   2.5030070e-03
   1.0183000e+04   2.4974455e-03
   1.0189000e+04   2.4918369e-03
   1.0195000e+04   2.4866462e-03
   1.0201000e+04   2.4812951e-03
   1.0207000e+04   2.4755994e-03
   1.0213000e+04   2.4695540e-03
   1.0219000e+04   2.4642184e-03
   1.0225000e+04   2.4588579e-03
   1.0231000e+04   2.4532013e-03
   1.0237000e+04   2.4478693e-03
   1.0243000e+04   2.4424266e-03
   1.0249000e+04   2.4366875e-03
   1.0255000e+04   2.4312324e-03
   1.0261000e+04   2.4261836e-03
   1.0267000e+04   2.4209013e-03
   1.0273000e+04   2.4157107e-03
   1.0279000e+04   2.4104639e-03
   1.0285000e+04   2.4049147e-03
   1.0291000e+04   2.3994654e-03
   1.0297000e+04   2.3943436e-03
   1.0303000e+04   2.3891268e-03
   1.0309000e+04   2.3837398e-03
   1.0315000e+04   2.3778394e-03
   1.0321000e+04   2.3717353e-03
   1.0327000e+04   2.3663803e-03
   1.0333000e+04   2.3612957e-03
   1.0339000e+04   2.3560374e-03
   1.0345000e+04   2.3503036e-03
   1.0351000e+04   2.3450625e-03
   1.0357000e+04   2.3395030e-03
   1.0363000e+04   2.3337971e-03
   1.0369000e+04   2.3288507e-03
   1.0375000e+04   2.3232829e-03
   1.0381000e+04   2.3179528e-03
   1.0387000e+04   2.3126633e-03
   1.0393000e+04   2.3075255e-03
   1.0399000e+04   2.3022857e-03
   1.0405000e+04   2.2972789e-03
   1.0411000e+04   2.2924289e-03
   1.0417000e+04   2.2867058e-03
   1.0423000e+04   2.2813938e-03
   1.0429000e+04   2.2763189e-03
   1.0435000e+04   2.2702711e-03
   1.0441000e+04   2.2648557e-03
   1.0447000e+04   2.2598382e-03
   1.0453000e+04   2.2547931e-03
   1.0459000e+04   2.2493432e-03
   1.0465000e+04   2.2437782e-03
   1.0471000e+04   2.2388706e-03
   1.0477000e+04   2.2337801e-03
   1.0483000e+04   2.2287884e-03
   1.0489000e+04   2.2229610e-03
   1.0495000e+04   2.2178131e-03
   1.0501000e+04   2.2129611e-03
   1.0507000e+04   2.2077086e-03
   1.0513000e+04   2.2026269e-03
   1.0519000e+04   2.1978335e-03
   1.0525000e+04   2.1926453e-03
   1.0531000e+04   2.1877477e-03
   1.0537000e+04   2.1825256e-03
   1.0543000e+04   2.1776743e-03
   1.0549000e+04   2.1727690e-03
   1.0555000e+04   2.1676215e-03
   1.0561000e+04   2.1628620e-03
   1.0567000e+04   2.1579903e-03
   1.0573000e+04   2.1524784e-03
   1.0579000e+04   2.1477993e-03
   1.0585000e+04   2.1427306e-03
   1.0591000e+04   2.1377004e-03
   1.0597000e+04   2.1326468e-03
   1.0603000e+04   2.1273303e-03
   1.0609000e+04   2.1225661e-03
   1.0615000e+04   2.1173858e-03
   1.0621000e+04   2.1125090e-03
   1.0627000e+04   2.1075997e-03
   1.0633000e+04   2.1024385e-03
   1.0639000e+04   2.0978115e-03
   1.0645000e+04   2.0929605e-03
   1.0651000e+04   2.0882536e-03
   1.0657000e+04   2.0835689e-03
   1.0663000e+04   2.0785376e-03
   1.0669000e+04   2.0739180e-03
   1.0675000e+04   2.0691613e-03
   1.0681000e+04   2.0642329e-03
   1.0687000e+04   2.0592711e-03
   1.0693000e+04   2.0545693e-03
   1.0699000e+04   2.0497043e-03
   1.0705000e+04   2.0451400e-03
   1.0711000e+04   2.0399463e-03
   1.0717000e+04   2.0349263e-03
   1.0723000e+04   2.0302501e-03
   1.0729000e+04   2.0257254e-03
   1.0735000e+04   2.0207101e-03
   1.0741000e+04   2.0158836e-03
   1.0747000e+04   2.0105015e-03
   1.0753000e+04   2.0054861e-03
   1.0759000e+04   2.0005646e-03
   1.0765000e+04   1.9960838e-03
   1.0771000e+04   1.9913238e-03
   1.0777000e+04   1.9866075e-03
   1.0783000e+04   1.9816154e-03
   1.0789000e+04   1.9769091e-03
   1.0795000e+04   1.9720925e-03
   1.0801000e+04   1.9673700e-03
   1.0807000e+04   1.9625736e-03
   1.0813000e+04   1.9578171e-03
   1.0819000e+04   1.9524856e-03
   1.0825000e+04   1.9480464e-03
   1.0831000e+04   1.9436100e-03
   1.0837000e+04   1.9389983e-03
   1.0843000e+04   1.9345115e-03
   1.0849000e+04   1.9295211e-03
   1.0855000e+04   1.9248986e-03
   1.0861000e+04   1.9201192e-03
   1.0867000e+04   1.9151044e-03
   1.0873000e+04   1.9104804e-03
   1.0879000e+04   1.9060751e-03
   1.0885000e+04   1.9013219e-03
   1.0891000e+04   1.8966893e-03
   1.0897000e+04   1.8921078e-03
   1.0903000e+04   1.8868106e-03
   1.0909000e+04   1.8822610e-03
   1.0915000e+04   1.8777947e-03
   1.0921000e+04   1.8732504e-03
   1.0927000e+04   1.8684578e-03
   1.0933000e+04   1.8630422e-03
   1.0939000e+04   1.8583859e-03
   1.0945000e+04   1.8535751e-03
   1.0951000e+04   1.8489660e-03
   1.0957000e+04   1.8443397e-03
   1.0963000e+04   1.8398066e-03
   1.0969000e+04   1.8353911e-03
   1.0975000e+04   1.8306325e-03
   1.0981000e+04   1.8262649e-03
   1.0987000e+04   1.8217151e-03
   1.0993000e+04   1.8170078e-03
   1.0999000e+04   1.8123772e-03
   1.1005000e+04   1.8079085e-03
   1.1011000e+04   1.8032725e-03
   1.1017000e+04   1.7987190e-03
   1.1023000e+04   1.7940090e-03
   1.1029000e+04   1.7896542e-03
   1.1035000e+04   1.7851490e-03
   1.1041000e+04   1.7799844e-03
   1.1047000e+04   1.7756420e-03
   1.1053000e+04   1.7711615e-03
   1.1059000e+04   1.7658542e-03
   1.1065000e+04   1.7614967e-03
   1.1071000e+04   1.7565225e-03
   1.1077000e+04   1.7519175e-03
   1.1083000e+04   1.7475303e-03
   1.1089000e+04   1.7425810e-03
   1.1095000e+04   1.7381342e-03
   1.1101000e+04   1.7338847e-03
   1.1107000e+04   1.7296590e-03
   1.1113000e+04   1.7252547e-03
   1.1119000e+04   1.7207678e-03
   1.1125000e+04   1.7163873e-03
   1.1131000e+04   1.7118140e-03
   1.1137000e+04   1.7073084e-03
   1.1143000e+04   1.7027513e-03
   1.1149000e+04   1.6981575e-03
   1.1155000e+04   1.6938334e-03
   1.1161000e+04   1.6891081e-03
   1.1167000e+04   1.6849468e-03
   1.1173000e+04   1.6805102e-03
   1.1179000e+04   1.6759322e-03
   1.1185000e+04   1.6716529e-03
   1.1191000e+04   1.6668315e-03
   1.1197000e+04   1.6625186e-03
   1.1203000e+04   1.6584457e-03
   1.1209000e+04   1.6536299e-03
   1.1215000e+04   1.6491761e-03
   1.1221000e+04   1.6447719e-03
   1.1227000e+04   1.6401179e-03
   1.1233000e+04   1.6355855e-03
   1.1239000e+04   1.6312461e-03
   1.1245000e+04   1.6269017e-03
   1.1251000e+04   1.6226589e-03
   1.1257000e+04   1.6185690e-03
   1.1263000e+04   1.6143476e-03
   1.1269000e+04   1.6100032e-03
   1.1275000e+04   1.6059530e-03
   1.1281000e+04   1.6019030e-03
   1.1287000e+04   1.5976187e-03
   1.1293000e+04   1.5934910e-03
   1.1299000e+04   1.5886528e-03
   1.1305000e+04   1.5839515e-03
   1.1311000e+04   1.5799810e-03
   1.1317000e+04   1.5758025e-03
   1.1323000e+04   1.5714869e-03
   1.1329000e+04   1.5670228e-03
   1.1335000e+04   1.5627603e-03
   1.1341000e+04   1.5578952e-03
   1.1347000e+04   1.5535013e-03
   1.1353000e+04   1.5494286e-03
   1.1359000e+04   1.5454500e-03
   1.1365000e+04   1.5413566e-03
   1.1371000e+04   1.5367260e-03
   1.1377000e+04   1.5324949e-03
   1.1383000e+04   1.5274866e-03
   1.1389000e+04   1.5232080e-03
   1.1395000e+04   1.5189343e-03
   1.1401000e+04   1.5148766e-03
   1.1407000e+04   1.5108378e-03
   1.1413000e+04   1.5064231e-03
   1.1419000e+04   1.5022969e-03
   1.1425000e+04   1.4981990e-03
   1.1431000e+04   1.4940210e-03
   1.1437000e+04   1.4897617e-03
   1.1443000e+04   1.4854726e-03
   1.1449000e+04   1.4812962e-03
   1.1455000e+04   1.4773986e-03
   1.1461000e+04   1.4734719e-03
   1.1467000e+04   1.4691723e-03
   1.1473000e+04   1.4644775e-03
   1.1479000e+04   1.4604592e-03
   1.1485000e+04   1.4563820e-03
   1.1491000e+04   1.4523233e-03
   1.1497000e+04   1.4477083e-03
   1.1503000e+04   1.4435727e-03
   1.1509000e+04   1.4395907e-03
   1.1515000e+04   1.4357450e-03
   1.1521000e+04   1.4317935e-03
   1.1527000e+04   1.4275496e-03
   1.1533000e+04   1.4235889e-03
   1.1539000e+04   1.4196543e-03
   1.1545000e+04   1.4157949e-03
   1.1551000e+04   1.4112869e-03
   1.1557000e+04   1.4073742e-03
   1.1563000e+04   1.4035478e-03
   1.1569000e+04   1.3993388e-03
   1.1575000e+04   1.3952688e-03
   1.1581000e+04   1.3913122e-03
   1.1587000e+04   1.3870711e-03
   1.1593000e+04   1.3829973e-03
   1.1599000e+04   1.3788168e-03
   1.1605000e+04   1.3749534e-03
   1.1611000e+04   1.3711396e-03
   1.1617000e+04   1.3672758e-03
   1.1623000e+04   1.3634407e-03
   1.1629000e+04   1.3594498e-03
   1.1635000e+04   1.3550524e-03
   1.1641000e+04   1.3511370e-03
   1.1647000e+04   1.3473337e-03
   1.1653000e+04   1.3431680e-03
   1.1659000e+04   1.3391930e-03
   1.1665000e+04   1.3352598e-03
   1.1671000e+04   1.3313883e-03
   1.1677000e+04   1.3276560e-03
   1.1683000e+04   1.3239532e-03
   1.1689000e+04   1.3201812e-03
   1.1695000e+04   1.3162798e-03
   1.1701000e+04   1.3123024e-03
   1.1707000e+04   1.3084584e-03
   1.1713000e+04   1.3045451e-03
   1.1719000e+04   1.3006163e-03
   1.1725000e+04   1.2969175e-03
   1.1731000e+04   1.2930873e-03
   1.1737000e+04   1.2890764e-03
   1.1743000e+04   1.2855847e-03
   1.1749000e+04   1.2813067e-03
   1.1755000e+04   1.2774176e-03
   1.1761000e+04   1.2735008e-03
   1.1767000e+04   1.2693350e-03
   1.1773000e+04   1.2654261e-03
   1.1779000e+04   1.2615725e-03
   1.1785000e+04   1.2576589e-03
   1.1791000e+04   1.2540536e-03
   1.1797000e+04   1.2503361e-03
   1.1803000e+04   1.2467320e-03
   1.1809000e+04   1.2428763e-03
   1.1815000e+04   1.2390778e-03
   1.1821000e+04   1.2350599e-03
   1.1827000e+04   1.2313906e-03
   1.1833000e+04   1.2276534e-03
   1.1839000e+04   1.2238055e-03
   1.1845000e+04   1.2200053e-03
   1.1851000e+04   1.2162652e-03
   1.1857000e+04   1.2123215e-03
   1.1863000e+04   1.2086406e-03
   1.1869000e+04   1.2050661e-03
   1.1875000e+04   1.2014186e-03
   1.1881000e+04   1.1975175e-03
   1.1887000e+04   1.1938896e-03
   1.1893000e+04   1.1903168e-03
   1.1899000e+04   1.1868348e-03
   1.1905000e+04   1.1831256e-03
   1.1911000e+04   1.1795147e-03
   1.1917000e+04   1.1759575e-03
   1.1923000e+04   1.1724938e-03
   1.1929000e+04   1.1684955e-03
   1.1935000e+04   1.1649512e-03
   1.1941000e+04   1.1612522e-03
   1.1947000e+04   1.1576334e-03
   1.1953000e+04   1.1540265e-03
   1.1959000e+04   1.1506185e-03
   1.1965000e+04   1.1469247e-03
   1.1971000e+04   1.1433701e-03
   1.1977000e+04   1.1397968e-03
   1.1983000e+04   1.1361687e-03
   1.1989000e+04   1.1321159e-03
   1.1995000e+04   1.1287106e-03
   1.2001000e+04   1.1250875e-03
   1.2007000e+04   1.1212111e-03
   1.2013000e+04   1.1176051e-03
   1.2019000e+04   1.1138575e-03
   1.2025000e+04   1.1102334e-03
   1.2031000e+04   1.1064937e-03
   1.2037000e+04   1.1031463e-03
   1.2043000e+04   1.0995755e-03
   1.2049000e+04   1.0960064e-03
   1.2055000e+04   1.0925398e-03
   1.2061000e+04   1.0888467e-03
   1.2067000e+04   1.0855898e-03
   1.2073000e+04   1.0821978e-03
   1.2079000e+04   1.0787503e-03
   1.2085000e+04   1.0752048e-03
   1.2091000e+04   1.0716260e-03
   1.2097000e+04   1.0683119e-03
   1.2103000e+04   1.0650363e-03
   1.2109000e+04   1.0614605e-03
   1.2115000e+04   1.0580281e-03
   1.2121000e+04   1.0547307e-03
   1.2127000e+04   1.0513402e-03
   1.2133000e+04   1.0480146e-03
   1.2139000e+04   1.0444851e-03
   1.2145000e+04   1.0405851e-03
   1.2151000e+04   1.0368268e-03
   1.2157000e+04   1.0334134e-03
   1.2163000e+04   1.0296379e-03
   1.2169000e+04   1.0262607e-03
   1.2175000e+04   1.0230101e-03
   1.2181000e+04   1.0193514e-03
   1.2187000e+04   1.0160891e-03
   1.2193000e+04   1.0128391e-03
   1.2199000e+04   1.0094225e-03
   1.2205000e+04   1.0061336e-03
   1.2211000e+04   1.0028526e-03
   1.2217000e+04   9.9945521e-04
   1.2223000e+04   9.9618667e-04
   1.2229000e+04   9.9284652e-04
   1.2235000e+04   9.8952092e-04
   1.2241000e+04   9.8607084e-04
   1.2247000e+04   9.8248217e-04
   1.2253000e+04   9.7931447e-04
   1.2259000e+04   9.7556060e-04
   1.2265000e+04   9.7218136e-04
   1.2271000e+04   9.6853413e-04
   1.2277000e+04   9.6534287e-04
   1.2283000e+04   9.6201354e-04
   1.2289000e+04   9.5855618e-04
   1.2295000e+04   9.5521511e-04
   1.2301000e+04   9.5200679e-04
   1.2307000e+04   9.4874991e-04
   1.2313000e+04   9.4517304e-04
   1.2319000e+04   9.4175864e-04
   1.2325000e+04   9.3837362e-04
   1.2331000e+04   9.3505445e-04
   1.2337000e+04   9.3176994e-04
   1.2343000e+04   9.2855374e-04
   1.2349000e+04   9.2501677e-04
   1.2355000e+04   9.2194724e-04
   1.2361000e+04   9.1882067e-04
   1.2367000e+04   9.1549276e-04
   1.2373000e+04   9.1219126e-04
   1.2379000e+04   9.0881040e-04
   1.2385000e+04   9.0555203e-04
   1.2391000e+04   9.0225709e-04
   1.2397000e+04   8.9901320e-04
   1.2403000e+04   8.9584071e-04
   1.2409000e+04   8.9277961e-04
   1.2415000e+04   8.8960111e-04
   1.2421000e+04   8.8629563e-04
   1.2427000e+04   8.8327070e-04
   1.2433000e+04   8.8008484e-04
   1.2439000e+04   8.7673272e-04
   1.2445000e+04   8.7348504e-04
   1.2451000e+04   8.7035672e-04
   1.2457000e+04   8.6728107e-04
   1.2463000e+04   8.6408423e-04
   1.2469000e+04   8.6088806e-04
   1.2475000e+04   8.5767198e-04
   1.2481000e+04   8.5451984e-04
   1.2487000e+04   8.5150799e-04
   1.2493000e+04   8.4838305e-04
   1.2499000e+04   8.4525834e-04
   1.2505000e+04   8.4221926e-04
   1.2511000e+04   8.3919788e-04
   1.2517000e+04   8.3608085e-04
   1.2523000e+04   8.3231819e-04
   1.2529000e+04   8.2920174e-04
   1.2535000e+04   8.2613022e-04
   1.2541000e+04   8.2301523e-04
   1.2547000e+04   8.1992933e-04
   1.2553000e+04   8.1702665e-04
   1.2559000e+04   8.1389925e-04
   1.2565000e+04   8.1089427e-04
   1.2571000e+04   8.0771433e-04
   1.2577000e+04   8.0485254e-04
   1.2583000e+04   8.0158035e-04
   1.2589000e+04   7.9849119e-04
   1.2595000e+04   7.9545304e-04
   1.2601000e+04   7.9256313e-04
   1.2607000e+04   7.8934777e-04
   1.2613000e+04   7.8634711e-04
   1.2619000e+04   7.8345026e-04
   1.2625000e+04   7.8036703e-04
   1.2631000e+04   7.7723069e-04
   1.2637000e+04   7.7406250e-04
   1.2643000e+04   7.7123036e-04
   1.2649000e+04   7.6830801e-04
   1.2655000e+04   7.6524530e-04
   1.2661000e+04   7.6186225e-04
   1.2667000e+04   7.5902179e-04
   1.2673000e+04   7.5600845e-04
   1.2679000e+04   7.5298430e-04
   1.2685000e+04   7.4992751e-04
   1.2691000e+04   7.4676960e-04
   1.2697000e+04   7.4316485e-04
   1.2703000e+04   7.4019625e-04
   1.2709000e+04   7.3732921e-04
   1.2715000e+04   7.3434215e-04
   1.2721000e+04   7.3159075e-04
   1.2727000e+04   7.2878630e-04
   1.2733000e+04   7.2586651e-04
   1.2739000e+04   7.2303752e-04
   1.2745000e+04   7.2017799e-04
   1.2751000e+04   7.1734880e-04
   1.2757000e+04   7.1449496e-04
   1.2763000e+04   7.1164110e-04
   1.2769000e+04   7.0852454e-04
   1.2775000e+04   7.0549313e-04
   1.2781000e+04   7.0259553e-04
   1.2787000e+04   6.9976888e-04
   1.2793000e+04   6.9683476e-04
   1.2799000e+04   6.9387747e-04
   1.2805000e+04   6.9100351e-04
   1.2811000e+04   6.8806110e-04
   1.2817000e+04   6.8536939e-04
   1.2823000e+04   6.8257957e-04
   1.2829000e+04   6.7967373e-04
   1.2835000e+04   6.7668059e-04
   1.2841000e+04   6.7355666e-04
   1.2847000e+04   6.7064414e-04
   1.2853000e+04   6.6772001e-04
   1.2859000e+04   6.6484091e-04
   1.2865000e+04   6.6210527e-04
   1.2871000e+04   6.5914578e-04
   1.2877000e+04   6.5638589e-04
   1.2883000e+04   6.5348235e-04
   1.2889000e+04   6.5074358e-04
   1.2895000e+04   6.4806124e-04
   1.2901000e+04   6.4549313e-04
   1.2907000e+04   6.4267650e-04
   1.2913000e+04   6.3975814e-04
   1.2919000e+04   6.3693072e-04
   1.2925000e+04   6.3429022e-04
   1.2931000e+04   6.3156712e-04
   1.2937000e+04   6.2871610e-04
   1.2943000e+04   6.2595507e-04
   1.2949000e+04   6.2313377e-04
   1.2955000e+04   6.2046248e-04
   1.2961000e+04   6.1759780e-04
   1.2967000e+04   6.1489109e-04
   1.2973000e+04   6.1223839e-04
   1.2979000e+04   6.0949679e-04
   1.2985000e+04   6.0678886e-04
   1.2991000e+04   6.0406341e-04
   1.2997000e+04   6.0130768e-04
   1.3003000e+04   5.9819112e-04
   1.3009000e+04   5.9515759e-04
   1.3015000e+04   5.9258716e-04
   1.3021000e+04   5.9003529e-04
   1.3027000e+04   5.8731816e-04
   1.3033000e+04   5.8465565e-04
   1.3039000e+04   5.8201532e-04
   1.3045000e+04   5.7931689e-04
   1.3051000e+04   5.7628229e-04
   1.3057000e+04   5.7368800e-04
   1.3063000e+04   5.7059706e-04
   1.3069000e+04   5.6799212e-04
   1.3075000e+04   5.6541719e-04
   1.3081000e+04   5.6283991e-04
   1.3087000e+04   5.6022873e-04
   1.3093000e+04   5.5756962e-04
   1.3099000e+04   5.5474391e-04
   1.3105000e+04   5.5231338e-04
   1.3111000e+04   5.4972230e-04
   1.3117000e+04   5.4711207e-04
   1.3123000e+04   5.4449576e-04
   1.3129000e+04   5.4192002e-04
   1.3135000e+04   5.3937706e-04
   1.3141000e+04   5.3681326e-04
   1.3147000e+04   5.3430442e-04
   1.3153000e+04   5.3154041e-04
   1.3159000e+04   5.2893661e-04
   1.3165000e+04   5.2635509e-04
   1.3171000e+04   5.2386106e-04
   1.3177000e+04   5.2132235e-04
   1.3183000e+04   5.1891215e-04
   1.3189000e+04   5.1598061e-04
   1.3195000e+04   5.1341509e-04
   1.3201000e+04   5.1082642e-04
   1.3207000e+04   5.0831232e-04
   1.3213000e+04   5.0580933e-04
   1.3219000e+04   5.0307555e-04
   1.3225000e+04   5.0056111e-04
   1.3231000e+04   4.9811861e-04
   1.3237000e+04   4.9572845e-04
   1.3243000e+04   4.9306085e-04
   1.3249000e+04   4.9055786e-04
   1.3255000e+04   4.8805295e-04
   1.3261000e+04   4.8556210e-04
   1.3267000e+04   4.8306890e-04
   1.3273000e+04   4.8068201e-04
   1.3279000e+04   4.7824307e-04
   1.3285000e+04   4.7571049e-04
   1.3291000e+04   4.7340826e-04
   1.3297000e+04   4.7096554e-04
   1.3303000e+04   4.6857925e-04
   1.3309000e+04   4.6615347e-04
   1.3315000e+04   4.6379022e-04
   1.3321000e+04   4.6102383e-04
   1.3327000e+04   4.5870069e-04
   1.3333000e+04   4.5636858e-04
   1.3339000e+04   4.5381202e-04
   1.3345000e+04   4.5139713e-04
   1.3351000e+04   4.4908222e-04
   1.3357000e+04   4.4660024e-04
   1.3363000e+04   4.4427672e-04
   1.3369000e+04   4.4187848e-04
   1.3375000e+04   4.3925426e-04
   1.3381000e+04   4.3631877e-04
   1.3387000e+04   4.3394542e-04
   1.3393000e+04   4.3162626e-04
   1.3399000e+04   4.2930702e-04
   1.3405000e+04   4.2696096e-04
   1.3411000e+04   4.2466054e-04
   1.3417000e+04   4.2244806e-04
   1.3423000e+04   4.1990883e-04
   1.3429000e+04   4.1743049e-04
   1.3435000e+04   4.1497816e-04
   1.3441000e+04   4.1256451e-04
   1.3447000e+04   4.1032964e-04
   1.3453000e+04   4.0783299e-04
   1.3459000e+04   4.0551282e-04
   1.3465000e+04   4.0315144e-04
   1.3471000e+04   4.0086254e-04
   1.3477000e+04   3.9832861e-04
   1.3483000e+04   3.9601671e-04
   1.3489000e+04   3.9355821e-04
   1.3495000e+04   3.9113530e-04
   1.3501000e+04   3.8884813e-04
   1.3507000e+04   3.8671629e-04
   1.3513000e+04   3.8427085e-04
   1.3519000e+04   3.8171956e-04
   1.3525000e+04   3.7942332e-04
   1.3531000e+04   3.7691596e-04
   1.3537000e+04   3.7465268e-04
   1.3543000e+04   3.7237377e-04
   1.3549000e+04   3.7019262e-04
   1.3555000e+04   3.6794237e-04
   1.3561000e+04   3.6573869e-04
   1.3567000e+04   3.6328753e-04
   1.3573000e+04   3.6099548e-04
   1.3579000e+04   3.5886747e-04
   1.3585000e+04   3.5681222e-04
   1.3591000e+04   3.5465033e-04
   1.3597000e+04   3.5229444e-04
   1.3603000e+04   3.4986495e-04
   1.3609000e+04   3.4749465e-04
   1.3615000e+04   3.4529010e-04
   1.3621000e+04   3.4304058e-04
   1.3627000e+04   3.4080059e-04
   1.3633000e+04   3.3862598e-04
   1.3639000e+04   3.3646864e-04
   1.3645000e+04   3.3438873e-04
   1.3651000e+04   3.3228291e-04
   1.3657000e+04   3.3014430e-04
   1.3663000e+04   3.2796174e-04
   1.3669000e+04   3.2582337e-04
   1.3675000e+04   3.2354374e-04
   1.3681000e+04   3.2133287e-04
   1.3687000e+04   3.1926475e-04
   1.3693000e+04   3.1718796e-04
   1.3699000e+04   3.1507494e-04
   1.3705000e+04   3.1298213e-04
   1.3711000e+04   3.1090157e-04
   1.3717000e+04   3.0867472e-04
   1.3723000e+04   3.0648737e-04
   1.3729000e+04   3.0441983e-04
   1.3735000e+04   3.0236371e-04
   1.3741000e+04   3.0032747e-04
   1.3747000e+04   2.9824311e-04
   1.3753000e+04   2.9612567e-04
   1.3759000e+04   2.9385646e-04
   1.3765000e+04   2.9173333e-04
   1.3771000e+04   2.8975201e-04
   1.3777000e+04   2.8770956e-04
   1.3783000e+04   2.8558256e-04
   1.3789000e+04   2.8355362e-04
   1.3795000e+04   2.8160836e-04
   1.3801000e+04   2.7945157e-04
   1.3807000e+04   2.7747280e-04
   1.3813000e+04   2.7537058e-04
   1.3819000e+04   2.7338765e-04
   1.3825000e+04   2.7130357e-04
   1.3831000e+04   2.6927361e-04
   1.3837000e+04   2.6727986e-04
   1.3843000e+04   2.6523653e-04
   1.3849000e+04   2.6320430e-04
   1.3855000e+04   2.6099376e-04
   1.3861000e+04   2.5907131e-04
   1.3867000e+04   2.5688553e-04
   1.3873000e+04   2.5498742e-04
   1.3879000e+04   2.5293288e-04
   1.3885000e+04   2.5078626e-04
   1.3891000e+04   2.4869343e-04
   1.3897000e+04   2.4669706e-04
   1.3903000e+04   2.4471295e-04
   1.3909000e+04   2.4275548e-04
   1.3915000e+04   2.4078825e-04
   1.3921000e+04   2.3883417e-04
   1.3927000e+04   2.3685137e-04
   1.3933000e+04   2.3498534e-04
   1.3939000e+04   2.3301358e-04
   1.3945000e+04   2.3113601e-04
   1.3951000e+04   2.2930625e-04
   1.3957000e+04   2.2740369e-04
   1.3963000e+04   2.2553847e-04
   1.3969000e+04   2.2363417e-04
   1.3975000e+04   2.2167832e-04
   1.3981000e+04   2.1981919e-04
   1.3987000e+04   2.1793982e-04
   1.3993000e+04   2.1603063e-04
   1.3999000e+04   2.1400282e-04
   1.4005000e+04   2.1213476e-04
   1.4011000e+04   2.1033039e-04
   1.4017000e+04   2.0850051e-04
   1.4023000e+04   2.0665941e-04
   1.4029000e+04   2.0479087e-04
   1.4035000e+04   2.0300900e-04
   1.4041000e+04   2.0115979e-04
   1.4047000e+04   1.9930042e-04
   1.4053000e+04   1.9745109e-04
   1.4059000e+04   1.9562619e-04
   1.4065000e+04   1.9383468e-04
   1.4071000e+04   1.9200547e-04
   1.4077000e+04   1.9024132e-04
   1.4083000e+04   1.8846105e-04
   1.4089000e+04   1.8670504e-04
   1.4095000e+04   1.8485514e-04
   1.4101000e+04   1.8307418e-04
   1.4107000e+04   1.8116817e-04
   1.4113000e+04   1.7936350e-04
   1.4119000e+04   1.7754580e-04
   1.4125000e+04   1.7583657e-04
   1.4131000e+04   1.7410164e-04
   1.4137000e+04   1.7232745e-04
   1.4143000e+04   1.7059840e-04
   1.4149000e+04   1.6887306e-04
   1.4155000e+04   1.6705379e-04
   1.4161000e+04   1.6534919e-04
   1.4167000e+04   1.6346982e-04
   1.4173000e+04   1.6155714e-04
   1.4179000e+04   1.5986368e-04
   1.4185000e+04   1.5812797e-04
   1.4191000e+04   1.5636950e-04
   1.4197000e+04   1.5469046e-04
   1.4203000e+04   1.5289896e-04
   1.4209000e+04   1.5123161e-04
   1.4215000e+04   1.4950720e-04
   1.4221000e+04   1.4785823e-04
   1.4227000e+04   1.4618403e-04
   1.4233000e+04   1.4446942e-04
   1.4239000e+04   1.4283767e-04
   1.4245000e+04   1.4116875e-04
   1.4251000e+04   1.3951056e-04
   1.4257000e+04   1.3783523e-04
   1.4263000e+04   1.3606150e-04
   1.4269000e+04   1.3444375e-04
   1.4275000e+04   1.3277503e-04
   1.4281000e+04   1.3113034e-04
   1.4287000e+04   1.2953596e-04
   1.4293000e+04   1.2795572e-04
   1.4299000e+04   1.2621648e-04
   1.4305000e+04   1.2464642e-04
   1.4311000e+04   1.2305273e-04
   1.4317000e+04   1.2148170e-04
   1.4323000e+04   1.1990268e-04
   1.4329000e+04   1.1833832e-04
   1.4335000e+04   1.1682224e-04
   1.4341000e+04   1.1525061e-04
   1.4347000e+04   1.1369792e-04
   1.4353000e+04   1.1205290e-04
   1.4359000e+04   1.1053435e-04
   1.4365000e+04   1.0902015e-04
   1.4371000e+04   1.0749763e-04
   1.4377000e+04   1.0593933e-04
   1.4383000e+04   1.0413171e-04
   1.4389000e+04   1.0265896e-04
   1.4395000e+04   1.0122741e-04
   1.4401000e+04   9.9703385e-05
   1.4407000e+04   9.8202777e-05
   1.4413000e+04   9.6665164e-05
   1.4419000e+04   9.5197125e-05
   1.4425000e+04   9.3653392e-05
   1.4431000e+04   9.1857646e-05
   1.4437000e+04   9.0361465e-05
   1.4443000e+04   8.8913461e-05
   1.4449000e+04   8.7520804e-05
   1.4455000e+04   8.6071419e-05
   1.4461000e+04   8.4574187e-05
   1.4467000e+04   8.3170648e-05
   1.4473000e+04   8.1769621e-05
   1.4479000e+04   8.0353855e-05
   1.4485000e+04   7.8973195e-05
   1.4491000e+04   7.7619324e-05
   1.4497000e+04   7.6293616e-05
   1.4503000e+04   7.4958664e-05
   1.4509000e+04   7.3591776e-05
   1.4515000e+04   7.2262022e-05
   1.4521000e+04   7.0912347e-05
   1.4527000e+04   6.9552403e-05
   1.4533000e+04   6.8168899e-05
   1.4539000e+04   6.6770602e-05
   1.4545000e+04   6.5430234e-05
   1.4551000e+04   6.4106261e-05
   1.4557000e+04   6.2788461e-05
   1.4563000e+04   6.1543363e-05
   1.4569000e+04   6.0283836e-05
   1.4575000e+04   5.9004460e-05
   1.4581000e+04   5.7738126e-05
   1.4587000e+04   5.6424008e-05
   1.4593000e+04   5.5124674e-05
   1.4599000e+04   5.3892503e-05
   1.4605000e+04   5.2651170e-05
   1.4611000e+04   5.1428297e-05
   1.4617000e+04   5.0210618e-05
   1.4623000e+04   4.9018050e-05
   1.4629000e+04   4.7830474e-05
   1.4635000e+04   4.6633457e-05
   1.4641000e+04   4.5203977e-05
   1.4647000e+04   4.4017439e-05
   1.4653000e+04   4.2817183e-05
   1.4659000e+04   4.1646347e-05
   1.4665000e+04   4.0524975e-05
   1.4671000e+04   3.9403482e-05
   1.4677000e+04   3.8233672e-05
   1.4683000e+04   3.7125395e-05
   1.4689000e+04   3.5994144e-05
   1.4695000e+04   3.4925128e-05
   1.4701000e+04   3.3860291e-05
   1.4707000e+04   3.2767398e-05
   1.4713000e+04   3.1643502e-05
   1.4719000e+04   3.0602723e-05
   1.4725000e+04   2.9568687e-05
   1.4731000e+04   2.8559425e-05
   1.4737000e+04   2.7534937e-05
   1.4743000e+04   2.6522724e-05
   1.4749000e+04   2.5516788e-05
   1.4755000e+04   2.4530585e-05
   1.4761000e+04   2.3547846e-05
   1.4767000e+04   2.2598730e-05
   1.4773000e+04   2.1653590e-05
   1.4779000e+04   2.0625106e-05
   1.4785000e+04   1.9669285e-05
   1.4791000e+04   1.8759902e-05
   1.4797000e+04   1.7863284e-05
   1.4803000e+04   1.6903959e-05
   1.4809000e+04   1.6023956e-05
   1.4815000e+04   1.5135824e-05
   1.4821000e+04   1.4269257e-05
   1.4827000e+04   1.3270373e-05
   1.4833000e+04   1.2442353e-05
   1.4839000e+04   1.1612408e-05
   1.4845000e+04   1.0805812e-05
   1.4851000e+04   1.0029137e-05
   1.4857000e+04   9.2451107e-06
   1.4863000e+04   8.5010382e-06
   1.4869000e+04   7.7536861e-06
   1.4875000e+04   7.0267754e-06
   1.4881000e+04   6.3256047e-06
   1.4887000e+04   5.6346177e-06
   1.4893000e+04   4.9541237e-06
   1.4899000e+04   4.2912178e-06
   1.4905000e+04   3.6530786e-06
   1.4911000e+04   3.0470791e-06
   1.4917000e+04   2.4691101e-06
   1.4923000e+04   1.9176643e-06
   1.4929000e+04   1.4115850e-06
   1.4935000e+04   9.4736731e-07
   1.4941000e+04   5.0518983e-07
   1.4947000e+04   1.8398365e-07
   1.4953000e+04   0.0000000e+00
   1.4959000e+04   0.0000000e+00
   1.4965000e+04   0.0000000e+00
   1.4971000e+04   0.0000000e+00
   1.4977000e+04   0.0000000e+00
   1.4983000e+04   0.0000000e+00
   1.4989000e+04   0.0000000e+00
   1.4995000e+04   0.0000000e+00
