   1.0000000e+00   9.9993333e-01
   7.0000000e+00   9.9953333e-01
   1.3000000e+01   9.9913333e-01
   1.9000000e+01   9.9873333e-01
   2.5000000e+01   9.9833333e-01
   3.1000000e+01   9.9793333e-01
   3.7000000e+01   9.9753333e-01
   4.3000000e+01   9.9713333e-01
   4.9000000e+01   9.9673333e-01
   5.5000000e+01   9.9633333e-01
   6.1000000e+01   9.9593333e-01
   6.7000000e+01   9.9553333e-01
   7.3000000e+01   9.9513333e-01
   7.9000000e+01   9.9473333e-01
   8.5000000e+01   9.9433333e-01
   9.1000000e+01   9.9393333e-01
   9.7000000e+01   9.9353333e-01
   1.0300000e+02   9.9313333e-01
   1.0900000e+02   9.9273333e-01
   1.1500000e+02   9.9233333e-01
   1.2100000e+02   9.9193333e-01
   1.2700000e+02   9.9153333e-01
   1.3300000e+02   9.9113333e-01
   1.3900000e+02   9.9073333e-01
   1.4500000e+02   9.9033333e-01
   1.5100000e+02   9.8993333e-01
   1.5700000e+02   9.8953333e-01
   1.6300000e+02   9.8913333e-01
   1.6900000e+02   9.8873333e-01
   1.7500000e+02   9.8833333e-01
   1.8100000e+02   9.8793333e-01
   1.8700000e+02   9.8753333e-01
   1.9300000e+02   9.8713333e-01
   1.9900000e+02   9.8673333e-01
   2.0500000e+02   9.8633333e-01
   2.1100000e+02   9.8593333e-01
   2.1700000e+02   9.8553333e-01
   2.2300000e+02   9.8513333e-01
   2.2900000e+02   9.8473333e-01
   2.3500000e+02   9.8433333e-01
   2.4100000e+02   9.8393333e-01
   2.4700000e+02   9.8353333e-01
   2.5300000e+02   9.8313333e-01
   2.5900000e+02   9.8273333e-01
   2.6500000e+02   9.8233333e-01
   2.7100000e+02   9.8193333e-01
   2.7700000e+02   9.8153333e-01
   2.8300000e+02   9.8113333e-01
   2.8900000e+02   9.8073333e-01
   2.9500000e+02   9.8033333e-01
   3.0100000e+02   9.7993333e-01
   3.0700000e+02   9.7953333e-01
   3.1300000e+02   9.7913333e-01
   3.1900000e+02   9.7873333e-01
   3.2500000e+02   9.7833333e-01
   3.3100000e+02   9.7793333e-01
   3.3700000e+02   9.7753333e-01
   3.4300000e+02   9.7713333e-01
   3.4900000e+02   9.7673333e-01
   3.5500000e+02   9.7633333e-01
   3.6100000e+02   9.7593333e-01
   3.6700000e+02   9.7553333e-01
   3.7300000e+02   9.7513333e-01
   3.7900000e+02   9.7473333e-01
   3.8500000e+02   9.7433333e-01
   3.9100000e+02   9.7393333e-01
   3.9700000e+02   9.7353333e-01
   4.0300000e+02   9.7313333e-01
   4.0900000e+02   9.7273333e-01
   4.1500000e+02   9.7233333e-01
   4.2100000e+02   9.7193333e-01
   4.2700000e+02   9.7153333e-01
   4.3300000e+02   9.7113333e-01
   4.3900000e+02   9.7073333e-01
   4.4500000e+02   9.7033333e-01
   4.5100000e+02   9.6993333e-01
   4.5700000e+02   9.6953333e-01
   4.6300000e+02   9.6913333e-01
   4.6900000e+02   9.6873333e-01
   4.7500000e+02   9.6833333e-01
   4.8100000e+02   9.6793333e-01
   4.8700000e+02   9.6753333e-01
   4.9300000e+02   9.6713333e-01
   4.9900000e+02   9.6673333e-01
   5.0500000e+02   9.6633333e-01
   5.1100000e+02   9.6593333e-01
   5.1700000e+02   9.6553333e-01
   5.2300000e+02   9.6513333e-01
   5.2900000e+02   9.6473333e-01
   5.3500000e+02   9.6433333e-01
   5.4100000e+02   9.6393333e-01
   5.4700000e+02   9.6353333e-01
   5.5300000e+02   9.6313333e-01
   5.5900000e+02   9.6273333e-01
   5.6500000e+02   9.6233333e-01
   5.7100000e+02   9.6193333e-01
   5.7700000e+02   9.6153333e-01
   5.8300000e+02   9.6113333e-01
   5.8900000e+02   9.6073333e-01
   5.9500000e+02   9.6033333e-01
   6.0100000e+02   9.5993333e-01
   6.0700000e+02   9.5953333e-01
   6.1300000e+02   9.5913333e-01
   6.1900000e+02   9.5873333e-01
   6.2500000e+02   9.5833333e-01
   6.3100000e+02   9.5793333e-01
   6.3700000e+02   9.5753333e-01
   6.4300000e+02   9.5713333e-01
   6.4900000e+02   9.5673333e-01
   6.5500000e+02   9.5633333e-01
   6.6100000e+02   9.5593333e-01
   6.6700000e+02   9.5553333e-01
   6.7300000e+02   9.5513333e-01
   6.7900000e+02   9.5473333e-01
   6.8500000e+02   9.5433333e-01
   6.9100000e+02   9.5393333e-01
   6.9700000e+02   9.5353333e-01
   7.0300000e+02   9.5313333e-01
   7.0900000e+02   9.5273333e-01
   7.1500000e+02   9.5233333e-01
   7.2100000e+02   9.5193333e-01
   7.2700000e+02   9.5153333e-01
   7.3300000e+02   9.5113333e-01
   7.3900000e+02   9.5073333e-01
   7.4500000e+02   9.5033333e-01
   7.5100000e+02   9.4993333e-01
   7.5700000e+02   9.4953333e-01
   7.6300000e+02   9.4913333e-01
   7.6900000e+02   9.4873333e-01
   7.7500000e+02   9.4833333e-01
   7.8100000e+02   9.4793333e-01
   7.8700000e+02   9.4753333e-01
   7.9300000e+02   9.4713333e-01
   7.9900000e+02   9.4673333e-01
   8.0500000e+02   9.4633333e-01
   8.1100000e+02   9.4593333e-01
   8.1700000e+02   9.4553333e-01
   8.2300000e+02   9.4513333e-01
   8.2900000e+02   9.4473333e-01
   8.3500000e+02   9.4433333e-01
   8.4100000e+02   9.4393333e-01
   8.4700000e+02   9.4353333e-01
   8.5300000e+02   9.4313333e-01
   8.5900000e+02   9.4273333e-01
   8.6500000e+02   9.4233333e-01
   8.7100000e+02   9.4193333e-01
   8.7700000e+02   9.4153333e-01
   8.8300000e+02   9.4113333e-01
   8.8900000e+02   9.4073333e-01
   8.9500000e+02   9.4033333e-01
   9.0100000e+02   9.3993333e-01
   9.0700000e+02   9.3953333e-01
   9.1300000e+02   9.3913333e-01
   9.1900000e+02   9.3873333e-01
   9.2500000e+02   9.3833333e-01
   9.3100000e+02   9.3793333e-01
   9.3700000e+02   9.3753333e-01
   9.4300000e+02   9.3713333e-01
   9.4900000e+02   9.3673333e-01
   9.5500000e+02   9.3633333e-01
   9.6100000e+02   9.3593333e-01
   9.6700000e+02   9.3553333e-01
   9.7300000e+02   9.3513333e-01
   9.7900000e+02   9.3473333e-01
   9.8500000e+02   9.3433333e-01
   9.9100000e+02   9.3393333e-01
   9.9700000e+02   9.3353333e-01
   1.0030000e+03   9.3313333e-01
   1.0090000e+03   9.3273333e-01
   1.0150000e+03   9.3233333e-01
   1.0210000e+03   9.3193333e-01
   1.0270000e+03   9.3153333e-01
   1.0330000e+03   9.3113333e-01
   1.0390000e+03   9.3073333e-01
   1.0450000e+03   9.3033333e-01
   1.0510000e+03   9.2993333e-01
   1.0570000e+03   9.2953333e-01
   1.0630000e+03   9.2913333e-01
   1.0690000e+03   9.2873333e-01
   1.0750000e+03   9.2833333e-01
   1.0810000e+03   9.2793333e-01
   1.0870000e+03   9.2753333e-01
   1.0930000e+03   9.2713333e-01
   1.0990000e+03   9.2673333e-01
   1.1050000e+03   9.2633333e-01
   1.1110000e+03   9.2593333e-01
   1.1170000e+03   9.2553333e-01
   1.1230000e+03   9.2513333e-01
   1.1290000e+03   9.2473333e-01
   1.1350000e+03   9.2433333e-01
   1.1410000e+03   9.2393333e-01
   1.1470000e+03   9.2353333e-01
   1.1530000e+03   9.2313333e-01
   1.1590000e+03   9.2273333e-01
   1.1650000e+03   9.2233333e-01
   1.1710000e+03   9.2193333e-01
   1.1770000e+03   9.2153333e-01
   1.1830000e+03   9.2113333e-01
   1.1890000e+03   9.2073333e-01
   1.1950000e+03   9.2033333e-01
   1.2010000e+03   9.1993333e-01
   1.2070000e+03   9.1953333e-01
   1.2130000e+03   9.1913333e-01
   1.2190000e+03   9.1873333e-01
   1.2250000e+03   9.1833333e-01
   1.2310000e+03   9.1793333e-01
   1.2370000e+03   9.1753333e-01
   1.2430000e+03   9.1713333e-01
   1.2490000e+03   9.1673333e-01
   1.2550000e+03   9.1633333e-01
   1.2610000e+03   9.1593333e-01
   1.2670000e+03   9.1553333e-01
   1.2730000e+03   9.1513333e-01
   1.2790000e+03   9.1473333e-01
   1.2850000e+03   9.1433333e-01
   1.2910000e+03   9.1393333e-01
   1.2970000e+03   9.1353333e-01
   1.3030000e+03   9.1313333e-01
   1.3090000e+03   9.1273333e-01
   1.3150000e+03   9.1233333e-01
   1.3210000e+03   9.1193333e-01
   1.3270000e+03   9.1153333e-01
   1.3330000e+03   9.1113333e-01
   1.3390000e+03   9.1073333e-01
   1.3450000e+03   9.1033333e-01
   1.3510000e+03   9.0993333e-01
   1.3570000e+03   9.0953333e-01
   1.3630000e+03   9.0913333e-01
   1.3690000e+03   9.0873333e-01
   1.3750000e+03   9.0833333e-01
   1.3810000e+03   9.0793333e-01
   1.3870000e+03   9.0753333e-01
   1.3930000e+03   9.0713333e-01
   1.3990000e+03   9.0673333e-01
   1.4050000e+03   9.0633333e-01
   1.4110000e+03   9.0593333e-01
   1.4170000e+03   9.0553333e-01
   1.4230000e+03   9.0513333e-01
   1.4290000e+03   9.0473333e-01
   1.4350000e+03   9.0433333e-01
   1.4410000e+03   9.0393333e-01
   1.4470000e+03   9.0353333e-01
   1.4530000e+03   9.0313333e-01
   1.4590000e+03   9.0273333e-01
   1.4650000e+03   9.0233333e-01
   1.4710000e+03   9.0193333e-01
   1.4770000e+03   9.0153333e-01
   1.4830000e+03   9.0113333e-01
   1.4890000e+03   9.0073333e-01
   1.4950000e+03   9.0033333e-01
   1.5010000e+03   8.9993333e-01
   1.5070000e+03   8.9953333e-01
   1.5130000e+03   8.9913333e-01
   1.5190000e+03   8.9873333e-01
   1.5250000e+03   8.9833333e-01
   1.5310000e+03   8.9793333e-01
   1.5370000e+03   8.9753333e-01
   1.5430000e+03   8.9713333e-01
   1.5490000e+03   8.9673333e-01
   1.5550000e+03   8.9633333e-01
   1.5610000e+03   8.9593333e-01
   1.5670000e+03   8.9553333e-01
   1.5730000e+03   8.9513333e-01
   1.5790000e+03   8.9473333e-01
   1.5850000e+03   8.9433333e-01
   1.5910000e+03   8.9393333e-01
   1.5970000e+03   8.9353333e-01
   1.6030000e+03   8.9313333e-01
   1.6090000e+03   8.9273333e-01
   1.6150000e+03   8.9233333e-01
   1.6210000e+03   8.9193333e-01
   1.6270000e+03   8.9153333e-01
   1.6330000e+03   8.9113333e-01
   1.6390000e+03   8.9073333e-01
   1.6450000e+03   8.9033333e-01
   1.6510000e+03   8.8993333e-01
   1.6570000e+03   8.8953333e-01
   1.6630000e+03   8.8913333e-01
   1.6690000e+03   8.8873333e-01
   1.6750000e+03   8.8833333e-01
   1.6810000e+03   8.8793333e-01
   1.6870000e+03   8.8753333e-01
   1.6930000e+03   8.8713333e-01
   1.6990000e+03   8.8673333e-01
   1.7050000e+03   8.8633333e-01
   1.7110000e+03   8.8593333e-01
   1.7170000e+03   8.8553333e-01
   1.7230000e+03   8.8513333e-01
   1.7290000e+03   8.8473333e-01
   1.7350000e+03   8.8433333e-01
   1.7410000e+03   8.8393333e-01
   1.7470000e+03   8.8353333e-01
   1.7530000e+03   8.8313333e-01
   1.7590000e+03   8.8273333e-01
   1.7650000e+03   8.8233333e-01
   1.7710000e+03   8.8193333e-01
   1.7770000e+03   8.8153333e-01
   1.7830000e+03   8.8113333e-01
   1.7890000e+03   8.8073333e-01
   1.7950000e+03   8.8033333e-01
   1.8010000e+03   8.7993333e-01
   1.8070000e+03   8.7953333e-01
   1.8130000e+03   8.7913333e-01
   1.8190000e+03   8.7873333e-01
   1.8250000e+03   8.7833333e-01
   1.8310000e+03   8.7793333e-01
   1.8370000e+03   8.7753333e-01
   1.8430000e+03   8.7713333e-01
   1.8490000e+03   8.7673333e-01
   1.8550000e+03   8.7633333e-01
   1.8610000e+03   8.7593333e-01
   1.8670000e+03   8.7553333e-01
   1.8730000e+03   8.7513333e-01
   1.8790000e+03   8.7473333e-01
   1.8850000e+03   8.7433333e-01
   1.8910000e+03   8.7393333e-01
   1.8970000e+03   8.7353333e-01
   1.9030000e+03   8.7313333e-01
   1.9090000e+03   8.7273333e-01
   1.9150000e+03   8.7233333e-01
   1.9210000e+03   8.7193333e-01
   1.9270000e+03   8.7153333e-01
   1.9330000e+03   8.7113333e-01
   1.9390000e+03   8.7073333e-01
   1.9450000e+03   8.7033333e-01
   1.9510000e+03   8.6993333e-01
   1.9570000e+03   8.6953333e-01
   1.9630000e+03   8.6913333e-01
   1.9690000e+03   8.6873333e-01
   1.9750000e+03   8.6833333e-01
   1.9810000e+03   8.6793333e-01
   1.9870000e+03   8.6753333e-01
   1.9930000e+03   8.6713333e-01
   1.9990000e+03   8.6673333e-01
   2.0050000e+03   8.6633333e-01
   2.0110000e+03   8.6593333e-01
   2.0170000e+03   8.6553333e-01
   2.0230000e+03   8.6513333e-01
   2.0290000e+03   8.6473333e-01
   2.0350000e+03   8.6433333e-01
   2.0410000e+03   8.6393333e-01
   2.0470000e+03   8.6353333e-01
   2.0530000e+03   8.6313333e-01
   2.0590000e+03   8.6273333e-01
   2.0650000e+03   8.6233333e-01
   2.0710000e+03   8.6193333e-01
   2.0770000e+03   8.6153333e-01
   2.0830000e+03   8.6113333e-01
   2.0890000e+03   8.6073333e-01
   2.0950000e+03   8.6033333e-01
   2.1010000e+03   8.5993333e-01
   2.1070000e+03   8.5953333e-01
   2.1130000e+03   8.5913333e-01
   2.1190000e+03   8.5873333e-01
   2.1250000e+03   8.5833333e-01
   2.1310000e+03   8.5793333e-01
   2.1370000e+03   8.5753333e-01
   2.1430000e+03   8.5713333e-01
   2.1490000e+03   8.5673333e-01
   2.1550000e+03   8.5633333e-01
   2.1610000e+03   8.5593333e-01
   2.1670000e+03   8.5553333e-01
   2.1730000e+03   8.5513333e-01
   2.1790000e+03   8.5473333e-01
   2.1850000e+03   8.5433333e-01
   2.1910000e+03   8.5393333e-01
   2.1970000e+03   8.5353333e-01
   2.2030000e+03   8.5313333e-01
   2.2090000e+03   8.5273333e-01
   2.2150000e+03   8.5233333e-01
   2.2210000e+03   8.5193333e-01
   2.2270000e+03   8.5153333e-01
   2.2330000e+03   8.5113333e-01
   2.2390000e+03   8.5073333e-01
   2.2450000e+03   8.5033333e-01
   2.2510000e+03   8.4993333e-01
   2.2570000e+03   8.4953333e-01
   2.2630000e+03   8.4913333e-01
   2.2690000e+03   8.4873333e-01
   2.2750000e+03   8.4833333e-01
   2.2810000e+03   8.4793333e-01
   2.2870000e+03   8.4753333e-01
   2.2930000e+03   8.4713333e-01
   2.2990000e+03   8.4673333e-01
   2.3050000e+03   8.4633333e-01
   2.3110000e+03   8.4593333e-01
   2.3170000e+03   8.4553333e-01
   2.3230000e+03   8.4513333e-01
   2.3290000e+03   8.4473333e-01
   2.3350000e+03   8.4433333e-01
   2.3410000e+03   8.4393333e-01
   2.3470000e+03   8.4353333e-01
   2.3530000e+03   8.4313333e-01
   2.3590000e+03   8.4273333e-01
   2.3650000e+03   8.4233333e-01
   2.3710000e+03   8.4193333e-01
   2.3770000e+03   8.4153333e-01
   2.3830000e+03   8.4113333e-01
   2.3890000e+03   8.4073333e-01
   2.3950000e+03   8.4033333e-01
   2.4010000e+03   8.3993333e-01
   2.4070000e+03   8.3953333e-01
   2.4130000e+03   8.3913333e-01
   2.4190000e+03   8.3873333e-01
   2.4250000e+03   8.3833333e-01
   2.4310000e+03   8.3793333e-01
   2.4370000e+03   8.3753333e-01
   2.4430000e+03   8.3713333e-01
   2.4490000e+03   8.3673333e-01
   2.4550000e+03   8.3633333e-01
   2.4610000e+03   8.3593333e-01
   2.4670000e+03   8.3553333e-01
   2.4730000e+03   8.3513333e-01
   2.4790000e+03   8.3473333e-01
   2.4850000e+03   8.3433333e-01
   2.4910000e+03   8.3393333e-01
   2.4970000e+03   8.3353333e-01
   2.5030000e+03   8.3313333e-01
   2.5090000e+03   8.3273333e-01
   2.5150000e+03   8.3233333e-01
   2.5210000e+03   8.3193333e-01
   2.5270000e+03   8.3153333e-01
   2.5330000e+03   8.3113333e-01
   2.5390000e+03   8.3073333e-01
   2.5450000e+03   8.3033333e-01
   2.5510000e+03   8.2993333e-01
   2.5570000e+03   8.2953333e-01
   2.5630000e+03   8.2913333e-01
   2.5690000e+03   8.2873333e-01
   2.5750000e+03   8.2833333e-01
   2.5810000e+03   8.2793333e-01
   2.5870000e+03   8.2753333e-01
   2.5930000e+03   8.2713333e-01
   2.5990000e+03   8.2673333e-01
   2.6050000e+03   8.2633333e-01
   2.6110000e+03   8.2593333e-01
   2.6170000e+03   8.2553333e-01
   2.6230000e+03   8.2513333e-01
   2.6290000e+03   8.2473333e-01
   2.6350000e+03   8.2433333e-01
   2.6410000e+03   8.2393333e-01
   2.6470000e+03   8.2353333e-01
   2.6530000e+03   8.2313333e-01
   2.6590000e+03   8.2273333e-01
   2.6650000e+03   8.2233333e-01
   2.6710000e+03   8.2193333e-01
   2.6770000e+03   8.2153333e-01
   2.6830000e+03   8.2113333e-01
   2.6890000e+03   8.2073333e-01
   2.6950000e+03   8.2033333e-01
   2.7010000e+03   8.1993333e-01
   2.7070000e+03   8.1953333e-01
   2.7130000e+03   8.1913333e-01
   2.7190000e+03   8.1873333e-01
   2.7250000e+03   8.1833333e-01
   2.7310000e+03   8.1793333e-01
   2.7370000e+03   8.1753333e-01
   2.7430000e+03   8.1713333e-01
   2.7490000e+03   8.1673333e-01
   2.7550000e+03   8.1633333e-01
   2.7610000e+03   8.1593333e-01
   2.7670000e+03   8.1553333e-01
   2.7730000e+03   8.1513333e-01
   2.7790000e+03   8.1473333e-01
   2.7850000e+03   8.1433333e-01
   2.7910000e+03   8.1393333e-01
   2.7970000e+03   8.1353333e-01
   2.8030000e+03   8.1313333e-01
   2.8090000e+03   8.1273333e-01
   2.8150000e+03   8.1233333e-01
   2.8210000e+03   8.1193333e-01
   2.8270000e+03   8.1153333e-01
   2.8330000e+03   8.1113333e-01
   2.8390000e+03   8.1073333e-01
   2.8450000e+03   8.1033333e-01
   2.8510000e+03   8.0993333e-01
   2.8570000e+03   8.0953333e-01
   2.8630000e+03   8.0913333e-01
   2.8690000e+03   8.0873333e-01
   2.8750000e+03   8.0833333e-01
   2.8810000e+03   8.0793333e-01
   2.8870000e+03   8.0753333e-01
   2.8930000e+03   8.0713333e-01
   2.8990000e+03   8.0673333e-01
   2.9050000e+03   8.0633333e-01
   2.9110000e+03   8.0593333e-01
   2.9170000e+03   8.0553333e-01
   2.9230000e+03   8.0513333e-01
   2.9290000e+03   8.0473333e-01
   2.9350000e+03   8.0433333e-01
   2.9410000e+03   8.0393333e-01
   2.9470000e+03   8.0353333e-01
   2.9530000e+03   8.0313333e-01
   2.9590000e+03   8.0273333e-01
   2.9650000e+03   8.0233333e-01
   2.9710000e+03   8.0193333e-01
   2.9770000e+03   8.0153333e-01
   2.9830000e+03   8.0113333e-01
   2.9890000e+03   8.0073333e-01
   2.9950000e+03   8.0033333e-01
   3.0010000e+03   7.9993333e-01
   3.0070000e+03   7.9953333e-01
   3.0130000e+03   7.9913333e-01
   3.0190000e+03   7.9873333e-01
   3.0250000e+03   7.9833333e-01
   3.0310000e+03   7.9793333e-01
   3.0370000e+03   7.9753333e-01
   3.0430000e+03   7.9713333e-01
   3.0490000e+03   7.9673333e-01
   3.0550000e+03   7.9633333e-01
   3.0610000e+03   7.9593333e-01
   3.0670000e+03   7.9553333e-01
   3.0730000e+03   7.9513333e-01
   3.0790000e+03   7.9473333e-01
   3.0850000e+03   7.9433333e-01
   3.0910000e+03   7.9393333e-01
   3.0970000e+03   7.9353333e-01
   3.1030000e+03   7.9313333e-01
   3.1090000e+03   7.9273333e-01
   3.1150000e+03   7.9233333e-01
   3.1210000e+03   7.9193333e-01
   3.1270000e+03   7.9153333e-01
   3.1330000e+03   7.9113333e-01
   3.1390000e+03   7.9073333e-01
   3.1450000e+03   7.9033333e-01
   3.1510000e+03   7.8993333e-01
   3.1570000e+03   7.8953333e-01
   3.1630000e+03   7.8913333e-01
   3.1690000e+03   7.8873333e-01
   3.1750000e+03   7.8833333e-01
   3.1810000e+03   7.8793333e-01
   3.1870000e+03   7.8753333e-01
   3.1930000e+03   7.8713333e-01
   3.1990000e+03   7.8673333e-01
   3.2050000e+03   7.8633333e-01
   3.2110000e+03   7.8593333e-01
   3.2170000e+03   7.8553333e-01
   3.2230000e+03   7.8513333e-01
   3.2290000e+03   7.8473333e-01
   3.2350000e+03   7.8433333e-01
   3.2410000e+03   7.8393333e-01
   3.2470000e+03   7.8353333e-01
   3.2530000e+03   7.8313333e-01
   3.2590000e+03   7.8273333e-01
   3.2650000e+03   7.8233333e-01
   3.2710000e+03   7.8193333e-01
   3.2770000e+03   7.8153333e-01
   3.2830000e+03   7.8113333e-01
   3.2890000e+03   7.8073333e-01
   3.2950000e+03   7.8033333e-01
   3.3010000e+03   7.7993333e-01
   3.3070000e+03   7.7953333e-01
   3.3130000e+03   7.7913333e-01
   3.3190000e+03   7.7873333e-01
   3.3250000e+03   7.7833333e-01
   3.3310000e+03   7.7793333e-01
   3.3370000e+03   7.7753333e-01
   3.3430000e+03   7.7713333e-01
   3.3490000e+03   7.7673333e-01
   3.3550000e+03   7.7633333e-01
   3.3610000e+03   7.7593333e-01
   3.3670000e+03   7.7553333e-01
   3.3730000e+03   7.7513333e-01
   3.3790000e+03   7.7473333e-01
   3.3850000e+03   7.7433333e-01
   3.3910000e+03   7.7393333e-01
   3.3970000e+03   7.7353333e-01
   3.4030000e+03   7.7313333e-01
   3.4090000e+03   7.7273333e-01
   3.4150000e+03   7.7233333e-01
   3.4210000e+03   7.7193333e-01
   3.4270000e+03   7.7153333e-01
   3.4330000e+03   7.7113333e-01
   3.4390000e+03   7.7073333e-01
   3.4450000e+03   7.7033333e-01
   3.4510000e+03   7.6993333e-01
   3.4570000e+03   7.6953333e-01
   3.4630000e+03   7.6913333e-01
   3.4690000e+03   7.6873333e-01
   3.4750000e+03   7.6833333e-01
   3.4810000e+03   7.6793333e-01
   3.4870000e+03   7.6753333e-01
   3.4930000e+03   7.6713333e-01
   3.4990000e+03   7.6673333e-01
   3.5050000e+03   7.6633333e-01
   3.5110000e+03   7.6593333e-01
   3.5170000e+03   7.6553333e-01
   3.5230000e+03   7.6513333e-01
   3.5290000e+03   7.6473333e-01
   3.5350000e+03   7.6433333e-01
   3.5410000e+03   7.6393333e-01
   3.5470000e+03   7.6353333e-01
   3.5530000e+03   7.6313333e-01
   3.5590000e+03   7.6273333e-01
   3.5650000e+03   7.6233333e-01
   3.5710000e+03   7.6193333e-01
   3.5770000e+03   7.6153333e-01
   3.5830000e+03   7.6113333e-01
   3.5890000e+03   7.6073333e-01
   3.5950000e+03   7.6033333e-01
   3.6010000e+03   7.5993333e-01
   3.6070000e+03   7.5953333e-01
   3.6130000e+03   7.5913333e-01
   3.6190000e+03   7.5873333e-01
   3.6250000e+03   7.5833333e-01
   3.6310000e+03   7.5793333e-01
   3.6370000e+03   7.5753333e-01
   3.6430000e+03   7.5713333e-01
   3.6490000e+03   7.5673333e-01
   3.6550000e+03   7.5633333e-01
   3.6610000e+03   7.5593333e-01
   3.6670000e+03   7.5553333e-01
   3.6730000e+03   7.5513333e-01
   3.6790000e+03   7.5473333e-01
   3.6850000e+03   7.5433333e-01
   3.6910000e+03   7.5393333e-01
   3.6970000e+03   7.5353333e-01
   3.7030000e+03   7.5313333e-01
   3.7090000e+03   7.5273333e-01
   3.7150000e+03   7.5233333e-01
   3.7210000e+03   7.5193333e-01
   3.7270000e+03   7.5153333e-01
   3.7330000e+03   7.5113333e-01
   3.7390000e+03   7.5073333e-01
   3.7450000e+03   7.5033333e-01
   3.7510000e+03   7.4993333e-01
   3.7570000e+03   7.4953333e-01
   3.7630000e+03   7.4913333e-01
   3.7690000e+03   7.4873333e-01
   3.7750000e+03   7.4833333e-01
   3.7810000e+03   7.4793333e-01
   3.7870000e+03   7.4753333e-01
   3.7930000e+03   7.4713333e-01
   3.7990000e+03   7.4673333e-01
   3.8050000e+03   7.4633333e-01
   3.8110000e+03   7.4593333e-01
   3.8170000e+03   7.4553333e-01
   3.8230000e+03   7.4513333e-01
   3.8290000e+03   7.4473333e-01
   3.8350000e+03   7.4433333e-01
   3.8410000e+03   7.4393333e-01
   3.8470000e+03   7.4353333e-01
   3.8530000e+03   7.4313333e-01
   3.8590000e+03   7.4273333e-01
   3.8650000e+03   7.4233333e-01
   3.8710000e+03   7.4193333e-01
   3.8770000e+03   7.4153333e-01
   3.8830000e+03   7.4113333e-01
   3.8890000e+03   7.4073333e-01
   3.8950000e+03   7.4033333e-01
   3.9010000e+03   7.3993333e-01
   3.9070000e+03   7.3953333e-01
   3.9130000e+03   7.3913333e-01
   3.9190000e+03   7.3873333e-01
   3.9250000e+03   7.3833333e-01
   3.9310000e+03   7.3793333e-01
   3.9370000e+03   7.3753333e-01
   3.9430000e+03   7.3713333e-01
   3.9490000e+03   7.3673333e-01
   3.9550000e+03   7.3633333e-01
   3.9610000e+03   7.3593333e-01
   3.9670000e+03   7.3553333e-01
   3.9730000e+03   7.3513333e-01
   3.9790000e+03   7.3473333e-01
   3.9850000e+03   7.3433333e-01
   3.9910000e+03   7.3393333e-01
   3.9970000e+03   7.3353333e-01
   4.0030000e+03   7.3313333e-01
   4.0090000e+03   7.3273333e-01
   4.0150000e+03   7.3233333e-01
   4.0210000e+03   7.3193333e-01
   4.0270000e+03   7.3153333e-01
   4.0330000e+03   7.3113333e-01
   4.0390000e+03   7.3073333e-01
   4.0450000e+03   7.3033333e-01
   4.0510000e+03   7.2993333e-01
   4.0570000e+03   7.2953333e-01
   4.0630000e+03   7.2913333e-01
   4.0690000e+03   7.2873333e-01
   4.0750000e+03   7.2833333e-01
   4.0810000e+03   7.2793333e-01
   4.0870000e+03   7.2753333e-01
   4.0930000e+03   7.2713333e-01
   4.0990000e+03   7.2673333e-01
   4.1050000e+03   7.2633333e-01
   4.1110000e+03   7.2593333e-01
   4.1170000e+03   7.2553333e-01
   4.1230000e+03   7.2513333e-01
   4.1290000e+03   7.2473333e-01
   4.1350000e+03   7.2433333e-01
   4.1410000e+03   7.2393333e-01
   4.1470000e+03   7.2353333e-01
   4.1530000e+03   7.2313333e-01
   4.1590000e+03   7.2273333e-01
   4.1650000e+03   7.2233333e-01
   4.1710000e+03   7.2193333e-01
   4.1770000e+03   7.2153333e-01
   4.1830000e+03   7.2113333e-01
   4.1890000e+03   7.2073333e-01
   4.1950000e+03   7.2033333e-01
   4.2010000e+03   7.1993333e-01
   4.2070000e+03   7.1953333e-01
   4.2130000e+03   7.1913333e-01
   4.2190000e+03   7.1873333e-01
   4.2250000e+03   7.1833333e-01
   4.2310000e+03   7.1793333e-01
   4.2370000e+03   7.1753333e-01
   4.2430000e+03   7.1713333e-01
   4.2490000e+03   7.1673333e-01
   4.2550000e+03   7.1633333e-01
   4.2610000e+03   7.1593333e-01
   4.2670000e+03   7.1553333e-01
   4.2730000e+03   7.1513333e-01
   4.2790000e+03   7.1473333e-01
   4.2850000e+03   7.1433333e-01
   4.2910000e+03   7.1393333e-01
   4.2970000e+03   7.1353333e-01
   4.3030000e+03   7.1313333e-01
   4.3090000e+03   7.1273333e-01
   4.3150000e+03   7.1233333e-01
   4.3210000e+03   7.1193333e-01
   4.3270000e+03   7.1153333e-01
   4.3330000e+03   7.1113333e-01
   4.3390000e+03   7.1073333e-01
   4.3450000e+03   7.1033333e-01
   4.3510000e+03   7.0993333e-01
   4.3570000e+03   7.0953333e-01
   4.3630000e+03   7.0913333e-01
   4.3690000e+03   7.0873333e-01
   4.3750000e+03   7.0833333e-01
   4.3810000e+03   7.0793333e-01
   4.3870000e+03   7.0753333e-01
   4.3930000e+03   7.0713333e-01
   4.3990000e+03   7.0673333e-01
   4.4050000e+03   7.0633333e-01
   4.4110000e+03   7.0593333e-01
   4.4170000e+03   7.0553333e-01
   4.4230000e+03   7.0513333e-01
   4.4290000e+03   7.0473333e-01
   4.4350000e+03   7.0433333e-01
   4.4410000e+03   7.0393333e-01
   4.4470000e+03   7.0353333e-01
   4.4530000e+03   7.0313333e-01
   4.4590000e+03   7.0273333e-01
   4.4650000e+03   7.0233333e-01
   4.4710000e+03   7.0193333e-01
   4.4770000e+03   7.0153333e-01
   4.4830000e+03   7.0113333e-01
   4.4890000e+03   7.0073333e-01
   4.4950000e+03   7.0033333e-01
   4.5010000e+03   6.9993333e-01
   4.5070000e+03   6.9953333e-01
   4.5130000e+03   6.9913333e-01
   4.5190000e+03   6.9873333e-01
   4.5250000e+03   6.9833333e-01
   4.5310000e+03   6.9793333e-01
   4.5370000e+03   6.9753333e-01
   4.5430000e+03   6.9713333e-01
   4.5490000e+03   6.9673333e-01
   4.5550000e+03   6.9633333e-01
   4.5610000e+03   6.9593333e-01
   4.5670000e+03   6.9553333e-01
   4.5730000e+03   6.9513333e-01
   4.5790000e+03   6.9473333e-01
   4.5850000e+03   6.9433333e-01
   4.5910000e+03   6.9393333e-01
   4.5970000e+03   6.9353333e-01
   4.6030000e+03   6.9313333e-01
   4.6090000e+03   6.9273333e-01
   4.6150000e+03   6.9233333e-01
   4.6210000e+03   6.9193333e-01
   4.6270000e+03   6.9153333e-01
   4.6330000e+03   6.9113333e-01
   4.6390000e+03   6.9073333e-01
   4.6450000e+03   6.9033333e-01
   4.6510000e+03   6.8993333e-01
   4.6570000e+03   6.8953333e-01
   4.6630000e+03   6.8913333e-01
   4.6690000e+03   6.8873333e-01
   4.6750000e+03   6.8833333e-01
   4.6810000e+03   6.8793333e-01
   4.6870000e+03   6.8753333e-01
   4.6930000e+03   6.8713333e-01
   4.6990000e+03   6.8673333e-01
   4.7050000e+03   6.8633333e-01
   4.7110000e+03   6.8593333e-01
   4.7170000e+03   6.8553333e-01
   4.7230000e+03   6.8513333e-01
   4.7290000e+03   6.8473333e-01
   4.7350000e+03   6.8433333e-01
   4.7410000e+03   6.8393333e-01
   4.7470000e+03   6.8353333e-01
   4.7530000e+03   6.8313333e-01
   4.7590000e+03   6.8273333e-01
   4.7650000e+03   6.8233333e-01
   4.7710000e+03   6.8193333e-01
   4.7770000e+03   6.8153333e-01
   4.7830000e+03   6.8113333e-01
   4.7890000e+03   6.8073333e-01
   4.7950000e+03   6.8033333e-01
   4.8010000e+03   6.7993333e-01
   4.8070000e+03   6.7953333e-01
   4.8130000e+03   6.7913333e-01
   4.8190000e+03   6.7873333e-01
   4.8250000e+03   6.7833333e-01
   4.8310000e+03   6.7793333e-01
   4.8370000e+03   6.7753333e-01
   4.8430000e+03   6.7713333e-01
   4.8490000e+03   6.7673333e-01
   4.8550000e+03   6.7633333e-01
   4.8610000e+03   6.7593333e-01
   4.8670000e+03   6.7553333e-01
   4.8730000e+03   6.7513333e-01
   4.8790000e+03   6.7473333e-01
   4.8850000e+03   6.7433333e-01
   4.8910000e+03   6.7393333e-01
   4.8970000e+03   6.7353333e-01
   4.9030000e+03   6.7313333e-01
   4.9090000e+03   6.7273333e-01
   4.9150000e+03   6.7233333e-01
   4.9210000e+03   6.7193333e-01
   4.9270000e+03   6.7153333e-01
   4.9330000e+03   6.7113333e-01
   4.9390000e+03   6.7073333e-01
   4.9450000e+03   6.7033333e-01
   4.9510000e+03   6.6993333e-01
   4.9570000e+03   6.6953333e-01
   4.9630000e+03   6.6913333e-01
   4.9690000e+03   6.6873333e-01
   4.9750000e+03   6.6833333e-01
   4.9810000e+03   6.6793333e-01
   4.9870000e+03   6.6753333e-01
   4.9930000e+03   6.6713333e-01
   4.9990000e+03   6.6673333e-01
   5.0050000e+03   6.6633333e-01
   5.0110000e+03   6.6593333e-01
   5.0170000e+03   6.6553333e-01
   5.0230000e+03   6.6513333e-01
   5.0290000e+03   6.6473333e-01
   5.0350000e+03   6.6433333e-01
   5.0410000e+03   6.6393333e-01
   5.0470000e+03   6.6353333e-01
   5.0530000e+03   6.6313333e-01
   5.0590000e+03   6.6273333e-01
   5.0650000e+03   6.6233333e-01
   5.0710000e+03   6.6193333e-01
   5.0770000e+03   6.6153333e-01
   5.0830000e+03   6.6113333e-01
   5.0890000e+03   6.6073333e-01
   5.0950000e+03   6.6033333e-01
   5.1010000e+03   6.5993333e-01
   5.1070000e+03   6.5953333e-01
   5.1130000e+03   6.5913333e-01
   5.1190000e+03   6.5873333e-01
   5.1250000e+03   6.5833333e-01
   5.1310000e+03   6.5793333e-01
   5.1370000e+03   6.5753333e-01
   5.1430000e+03   6.5713333e-01
   5.1490000e+03   6.5673333e-01
   5.1550000e+03   6.5633333e-01
   5.1610000e+03   6.5593333e-01
   5.1670000e+03   6.5553333e-01
   5.1730000e+03   6.5513333e-01
   5.1790000e+03   6.5473333e-01
   5.1850000e+03   6.5433333e-01
   5.1910000e+03   6.5393333e-01
   5.1970000e+03   6.5353333e-01
   5.2030000e+03   6.5313333e-01
   5.2090000e+03   6.5273333e-01
   5.2150000e+03   6.5233333e-01
   5.2210000e+03   6.5193333e-01
   5.2270000e+03   6.5153333e-01
   5.2330000e+03   6.5113333e-01
   5.2390000e+03   6.5073333e-01
   5.2450000e+03   6.5033333e-01
   5.2510000e+03   6.4993333e-01
   5.2570000e+03   6.4953333e-01
   5.2630000e+03   6.4913333e-01
   5.2690000e+03   6.4873333e-01
   5.2750000e+03   6.4833333e-01
   5.2810000e+03   6.4793333e-01
   5.2870000e+03   6.4753333e-01
   5.2930000e+03   6.4713333e-01
   5.2990000e+03   6.4673333e-01
   5.3050000e+03   6.4633333e-01
   5.3110000e+03   6.4593333e-01
   5.3170000e+03   6.4553333e-01
   5.3230000e+03   6.4513333e-01
   5.3290000e+03   6.4473333e-01
   5.3350000e+03   6.4433333e-01
   5.3410000e+03   6.4393333e-01
   5.3470000e+03   6.4353333e-01
   5.3530000e+03   6.4313333e-01
   5.3590000e+03   6.4273333e-01
   5.3650000e+03   6.4233333e-01
   5.3710000e+03   6.4193333e-01
   5.3770000e+03   6.4153333e-01
   5.3830000e+03   6.4113333e-01
   5.3890000e+03   6.4073333e-01
   5.3950000e+03   6.4033333e-01
   5.4010000e+03   6.3993333e-01
   5.4070000e+03   6.3953333e-01
   5.4130000e+03   6.3913333e-01
   5.4190000e+03   6.3873333e-01
   5.4250000e+03   6.3833333e-01
   5.4310000e+03   6.3793333e-01
   5.4370000e+03   6.3753333e-01
   5.4430000e+03   6.3713333e-01
   5.4490000e+03   6.3673333e-01
   5.4550000e+03   6.3633333e-01
   5.4610000e+03   6.3593333e-01
   5.4670000e+03   6.3553333e-01
   5.4730000e+03   6.3513333e-01
   5.4790000e+03   6.3473333e-01
   5.4850000e+03   6.3433333e-01
   5.4910000e+03   6.3393333e-01
   5.4970000e+03   6.3353333e-01
   5.5030000e+03   6.3313333e-01
   5.5090000e+03   6.3273333e-01
   5.5150000e+03   6.3233333e-01
   5.5210000e+03   6.3193333e-01
   5.5270000e+03   6.3153333e-01
   5.5330000e+03   6.3113333e-01
   5.5390000e+03   6.3073333e-01
   5.5450000e+03   6.3033333e-01
   5.5510000e+03   6.2993333e-01
   5.5570000e+03   6.2953333e-01
   5.5630000e+03   6.2913333e-01
   5.5690000e+03   6.2873333e-01
   5.5750000e+03   6.2833333e-01
   5.5810000e+03   6.2793333e-01
   5.5870000e+03   6.2753333e-01
   5.5930000e+03   6.2713333e-01
   5.5990000e+03   6.2673333e-01
   5.6050000e+03   6.2633333e-01
   5.6110000e+03   6.2593333e-01
   5.6170000e+03   6.2553333e-01
   5.6230000e+03   6.2513333e-01
   5.6290000e+03   6.2473333e-01
   5.6350000e+03   6.2433333e-01
   5.6410000e+03   6.2393333e-01
   5.6470000e+03   6.2353333e-01
   5.6530000e+03   6.2313333e-01
   5.6590000e+03   6.2273333e-01
   5.6650000e+03   6.2233333e-01
   5.6710000e+03   6.2193333e-01
   5.6770000e+03   6.2153333e-01
   5.6830000e+03   6.2113333e-01
   5.6890000e+03   6.2073333e-01
   5.6950000e+03   6.2033333e-01
   5.7010000e+03   6.1993333e-01
   5.7070000e+03   6.1953333e-01
   5.7130000e+03   6.1913333e-01
   5.7190000e+03   6.1873333e-01
   5.7250000e+03   6.1833333e-01
   5.7310000e+03   6.1793333e-01
   5.7370000e+03   6.1753333e-01
   5.7430000e+03   6.1713333e-01
   5.7490000e+03   6.1673333e-01
   5.7550000e+03   6.1633333e-01
   5.7610000e+03   6.1593333e-01
   5.7670000e+03   6.1553333e-01
   5.7730000e+03   6.1513333e-01
   5.7790000e+03   6.1473333e-01
   5.7850000e+03   6.1433333e-01
   5.7910000e+03   6.1393333e-01
   5.7970000e+03   6.1353333e-01
   5.8030000e+03   6.1313333e-01
   5.8090000e+03   6.1273333e-01
   5.8150000e+03   6.1233333e-01
   5.8210000e+03   6.1193333e-01
   5.8270000e+03   6.1153333e-01
   5.8330000e+03   6.1113333e-01
   5.8390000e+03   6.1073333e-01
   5.8450000e+03   6.1033333e-01
   5.8510000e+03   6.0993333e-01
   5.8570000e+03   6.0953333e-01
   5.8630000e+03   6.0913333e-01
   5.8690000e+03   6.0873333e-01
   5.8750000e+03   6.0833333e-01
   5.8810000e+03   6.0793333e-01
   5.8870000e+03   6.0753333e-01
   5.8930000e+03   6.0713333e-01
   5.8990000e+03   6.0673333e-01
   5.9050000e+03   6.0633333e-01
   5.9110000e+03   6.0593333e-01
   5.9170000e+03   6.0553333e-01
   5.9230000e+03   6.0513333e-01
   5.9290000e+03   6.0473333e-01
   5.9350000e+03   6.0433333e-01
   5.9410000e+03   6.0393333e-01
   5.9470000e+03   6.0353333e-01
   5.9530000e+03   6.0313333e-01
   5.9590000e+03   6.0273333e-01
   5.9650000e+03   6.0233333e-01
   5.9710000e+03   6.0193333e-01
   5.9770000e+03   6.0153333e-01
   5.9830000e+03   6.0113333e-01
   5.9890000e+03   6.0073333e-01
   5.9950000e+03   6.0033333e-01
   6.0010000e+03   5.9993333e-01
   6.0070000e+03   5.9953333e-01
   6.0130000e+03   5.9913333e-01
   6.0190000e+03   5.9873333e-01
   6.0250000e+03   5.9833333e-01
   6.0310000e+03   5.9793333e-01
   6.0370000e+03   5.9753333e-01
   6.0430000e+03   5.9713333e-01
   6.0490000e+03   5.9673333e-01
   6.0550000e+03   5.9633333e-01
   6.0610000e+03   5.9593333e-01
   6.0670000e+03   5.9553333e-01
   6.0730000e+03   5.9513333e-01
   6.0790000e+03   5.9473333e-01
   6.0850000e+03   5.9433333e-01
   6.0910000e+03   5.9393333e-01
   6.0970000e+03   5.9353333e-01
   6.1030000e+03   5.9313333e-01
   6.1090000e+03   5.9273333e-01
   6.1150000e+03   5.9233333e-01
   6.1210000e+03   5.9193333e-01
   6.1270000e+03   5.9153333e-01
   6.1330000e+03   5.9113333e-01
   6.1390000e+03   5.9073333e-01
   6.1450000e+03   5.9033333e-01
   6.1510000e+03   5.8993333e-01
   6.1570000e+03   5.8953333e-01
   6.1630000e+03   5.8913333e-01
   6.1690000e+03   5.8873333e-01
   6.1750000e+03   5.8833333e-01
   6.1810000e+03   5.8793333e-01
   6.1870000e+03   5.8753333e-01
   6.1930000e+03   5.8713333e-01
   6.1990000e+03   5.8673333e-01
   6.2050000e+03   5.8633333e-01
   6.2110000e+03   5.8593333e-01
   6.2170000e+03   5.8553333e-01
   6.2230000e+03   5.8513333e-01
   6.2290000e+03   5.8473333e-01
   6.2350000e+03   5.8433333e-01
   6.2410000e+03   5.8393333e-01
   6.2470000e+03   5.8353333e-01
   6.2530000e+03   5.8313333e-01
   6.2590000e+03   5.8273333e-01
   6.2650000e+03   5.8233333e-01
   6.2710000e+03   5.8193333e-01
   6.2770000e+03   5.8153333e-01
   6.2830000e+03   5.8113333e-01
   6.2890000e+03   5.8073333e-01
   6.2950000e+03   5.8033333e-01
   6.3010000e+03   5.7993333e-01
   6.3070000e+03   5.7953333e-01
   6.3130000e+03   5.7913333e-01
   6.3190000e+03   5.7873333e-01
   6.3250000e+03   5.7833333e-01
   6.3310000e+03   5.7793333e-01
   6.3370000e+03   5.7753333e-01
   6.3430000e+03   5.7713333e-01
   6.3490000e+03   5.7673333e-01
   6.3550000e+03   5.7633333e-01
   6.3610000e+03   5.7593333e-01
   6.3670000e+03   5.7553333e-01
   6.3730000e+03   5.7513333e-01
   6.3790000e+03   5.7473333e-01
   6.3850000e+03   5.7433333e-01
   6.3910000e+03   5.7393333e-01
   6.3970000e+03   5.7353333e-01
   6.4030000e+03   5.7313333e-01
   6.4090000e+03   5.7273333e-01
   6.4150000e+03   5.7233333e-01
   6.4210000e+03   5.7193333e-01
   6.4270000e+03   5.7153333e-01
   6.4330000e+03   5.7113333e-01
   6.4390000e+03   5.7073333e-01
   6.4450000e+03   5.7033333e-01
   6.4510000e+03   5.6993333e-01
   6.4570000e+03   5.6953333e-01
   6.4630000e+03   5.6913333e-01
   6.4690000e+03   5.6873333e-01
   6.4750000e+03   5.6833333e-01
   6.4810000e+03   5.6793333e-01
   6.4870000e+03   5.6753333e-01
   6.4930000e+03   5.6713333e-01
   6.4990000e+03   5.6673333e-01
   6.5050000e+03   5.6633333e-01
   6.5110000e+03   5.6593333e-01
   6.5170000e+03   5.6553333e-01
   6.5230000e+03   5.6513333e-01
   6.5290000e+03   5.6473333e-01
   6.5350000e+03   5.6433333e-01
   6.5410000e+03   5.6393333e-01
   6.5470000e+03   5.6353333e-01
   6.5530000e+03   5.6313333e-01
   6.5590000e+03   5.6273333e-01
   6.5650000e+03   5.6233333e-01
   6.5710000e+03   5.6193333e-01
   6.5770000e+03   5.6153333e-01
   6.5830000e+03   5.6113333e-01
   6.5890000e+03   5.6073333e-01
   6.5950000e+03   5.6033333e-01
   6.6010000e+03   5.5993333e-01
   6.6070000e+03   5.5953333e-01
   6.6130000e+03   5.5913333e-01
   6.6190000e+03   5.5873333e-01
   6.6250000e+03   5.5833333e-01
   6.6310000e+03   5.5793333e-01
   6.6370000e+03   5.5753333e-01
   6.6430000e+03   5.5713333e-01
   6.6490000e+03   5.5673333e-01
   6.6550000e+03   5.5633333e-01
   6.6610000e+03   5.5593333e-01
   6.6670000e+03   5.5553333e-01
   6.6730000e+03   5.5513333e-01
   6.6790000e+03   5.5473333e-01
   6.6850000e+03   5.5433333e-01
   6.6910000e+03   5.5393333e-01
   6.6970000e+03   5.5353333e-01
   6.7030000e+03   5.5313333e-01
   6.7090000e+03   5.5273333e-01
   6.7150000e+03   5.5233333e-01
   6.7210000e+03   5.5193333e-01
   6.7270000e+03   5.5153333e-01
   6.7330000e+03   5.5113333e-01
   6.7390000e+03   5.5073333e-01
   6.7450000e+03   5.5033333e-01
   6.7510000e+03   5.4993333e-01
   6.7570000e+03   5.4953333e-01
   6.7630000e+03   5.4913333e-01
   6.7690000e+03   5.4873333e-01
   6.7750000e+03   5.4833333e-01
   6.7810000e+03   5.4793333e-01
   6.7870000e+03   5.4753333e-01
   6.7930000e+03   5.4713333e-01
   6.7990000e+03   5.4673333e-01
   6.8050000e+03   5.4633333e-01
   6.8110000e+03   5.4593333e-01
   6.8170000e+03   5.4553333e-01
   6.8230000e+03   5.4513333e-01
   6.8290000e+03   5.4473333e-01
   6.8350000e+03   5.4433333e-01
   6.8410000e+03   5.4393333e-01
   6.8470000e+03   5.4353333e-01
   6.8530000e+03   5.4313333e-01
   6.8590000e+03   5.4273333e-01
   6.8650000e+03   5.4233333e-01
   6.8710000e+03   5.4193333e-01
   6.8770000e+03   5.4153333e-01
   6.8830000e+03   5.4113333e-01
   6.8890000e+03   5.4073333e-01
   6.8950000e+03   5.4033333e-01
   6.9010000e+03   5.3993333e-01
   6.9070000e+03   5.3953333e-01
   6.9130000e+03   5.3913333e-01
   6.9190000e+03   5.3873333e-01
   6.9250000e+03   5.3833333e-01
   6.9310000e+03   5.3793333e-01
   6.9370000e+03   5.3753333e-01
   6.9430000e+03   5.3713333e-01
   6.9490000e+03   5.3673333e-01
   6.9550000e+03   5.3633333e-01
   6.9610000e+03   5.3593333e-01
   6.9670000e+03   5.3553333e-01
   6.9730000e+03   5.3513333e-01
   6.9790000e+03   5.3473333e-01
   6.9850000e+03   5.3433333e-01
   6.9910000e+03   5.3393333e-01
   6.9970000e+03   5.3353333e-01
   7.0030000e+03   5.3313333e-01
   7.0090000e+03   5.3273333e-01
   7.0150000e+03   5.3233333e-01
   7.0210000e+03   5.3193333e-01
   7.0270000e+03   5.3153333e-01
   7.0330000e+03   5.3113333e-01
   7.0390000e+03   5.3073333e-01
   7.0450000e+03   5.3033333e-01
   7.0510000e+03   5.2993333e-01
   7.0570000e+03   5.2953333e-01
   7.0630000e+03   5.2913333e-01
   7.0690000e+03   5.2873333e-01
   7.0750000e+03   5.2833333e-01
   7.0810000e+03   5.2793333e-01
   7.0870000e+03   5.2753333e-01
   7.0930000e+03   5.2713333e-01
   7.0990000e+03   5.2673333e-01
   7.1050000e+03   5.2633333e-01
   7.1110000e+03   5.2593333e-01
   7.1170000e+03   5.2553333e-01
   7.1230000e+03   5.2513333e-01
   7.1290000e+03   5.2473333e-01
   7.1350000e+03   5.2433333e-01
   7.1410000e+03   5.2393333e-01
   7.1470000e+03   5.2353333e-01
   7.1530000e+03   5.2313333e-01
   7.1590000e+03   5.2273333e-01
   7.1650000e+03   5.2233333e-01
   7.1710000e+03   5.2193333e-01
   7.1770000e+03   5.2153333e-01
   7.1830000e+03   5.2113333e-01
   7.1890000e+03   5.2073333e-01
   7.1950000e+03   5.2033333e-01
   7.2010000e+03   5.1993333e-01
   7.2070000e+03   5.1953333e-01
   7.2130000e+03   5.1913333e-01
   7.2190000e+03   5.1873333e-01
   7.2250000e+03   5.1833333e-01
   7.2310000e+03   5.1793333e-01
   7.2370000e+03   5.1753333e-01
   7.2430000e+03   5.1713333e-01
   7.2490000e+03   5.1673333e-01
   7.2550000e+03   5.1633333e-01
   7.2610000e+03   5.1593333e-01
   7.2670000e+03   5.1553333e-01
   7.2730000e+03   5.1513333e-01
   7.2790000e+03   5.1473333e-01
   7.2850000e+03   5.1433333e-01
   7.2910000e+03   5.1393333e-01
   7.2970000e+03   5.1353333e-01
   7.3030000e+03   5.1313333e-01
   7.3090000e+03   5.1273333e-01
   7.3150000e+03   5.1233333e-01
   7.3210000e+03   5.1193333e-01
   7.3270000e+03   5.1153333e-01
   7.3330000e+03   5.1113333e-01
   7.3390000e+03   5.1073333e-01
   7.3450000e+03   5.1033333e-01
   7.3510000e+03   5.0993333e-01
   7.3570000e+03   5.0953333e-01
   7.3630000e+03   5.0913333e-01
   7.3690000e+03   5.0873333e-01
   7.3750000e+03   5.0833333e-01
   7.3810000e+03   5.0793333e-01
   7.3870000e+03   5.0753333e-01
   7.3930000e+03   5.0713333e-01
   7.3990000e+03   5.0673333e-01
   7.4050000e+03   5.0633333e-01
   7.4110000e+03   5.0593333e-01
   7.4170000e+03   5.0553333e-01
   7.4230000e+03   5.0513333e-01
   7.4290000e+03   5.0473333e-01
   7.4350000e+03   5.0433333e-01
   7.4410000e+03   5.0393333e-01
   7.4470000e+03   5.0353333e-01
   7.4530000e+03   5.0313333e-01
   7.4590000e+03   5.0273333e-01
   7.4650000e+03   5.0233333e-01
   7.4710000e+03   5.0193333e-01
   7.4770000e+03   5.0153333e-01
   7.4830000e+03   5.0113333e-01
   7.4890000e+03   5.0073333e-01
   7.4950000e+03   5.0033333e-01
   7.5010000e+03   4.9993333e-01
   7.5070000e+03   4.9953333e-01
   7.5130000e+03   4.9913333e-01
   7.5190000e+03   4.9873333e-01
   7.5250000e+03   4.9833333e-01
   7.5310000e+03   4.9793333e-01
   7.5370000e+03   4.9753333e-01
   7.5430000e+03   4.9713333e-01
   7.5490000e+03   4.9673333e-01
   7.5550000e+03   4.9633333e-01
   7.5610000e+03   4.9593333e-01
   7.5670000e+03   4.9553333e-01
   7.5730000e+03   4.9513333e-01
   7.5790000e+03   4.9473333e-01
   7.5850000e+03   4.9433333e-01
   7.5910000e+03   4.9393333e-01
   7.5970000e+03   4.9353333e-01
   7.6030000e+03   4.9313333e-01
   7.6090000e+03   4.9273333e-01
   7.6150000e+03   4.9233333e-01
   7.6210000e+03   4.9193333e-01
   7.6270000e+03   4.9153333e-01
   7.6330000e+03   4.9113333e-01
   7.6390000e+03   4.9073333e-01
   7.6450000e+03   4.9033333e-01
   7.6510000e+03   4.8993333e-01
   7.6570000e+03   4.8953333e-01
   7.6630000e+03   4.8913333e-01
   7.6690000e+03   4.8873333e-01
   7.6750000e+03   4.8833333e-01
   7.6810000e+03   4.8793333e-01
   7.6870000e+03   4.8753333e-01
   7.6930000e+03   4.8713333e-01
   7.6990000e+03   4.8673333e-01
   7.7050000e+03   4.8633333e-01
   7.7110000e+03   4.8593333e-01
   7.7170000e+03   4.8553333e-01
   7.7230000e+03   4.8513333e-01
   7.7290000e+03   4.8473333e-01
   7.7350000e+03   4.8433333e-01
   7.7410000e+03   4.8393333e-01
   7.7470000e+03   4.8353333e-01
   7.7530000e+03   4.8313333e-01
   7.7590000e+03   4.8273333e-01
   7.7650000e+03   4.8233333e-01
   7.7710000e+03   4.8193333e-01
   7.7770000e+03   4.8153333e-01
   7.7830000e+03   4.8113333e-01
   7.7890000e+03   4.8073333e-01
   7.7950000e+03   4.8033333e-01
   7.8010000e+03   4.7993333e-01
   7.8070000e+03   4.7953333e-01
   7.8130000e+03   4.7913333e-01
   7.8190000e+03   4.7873333e-01
   7.8250000e+03   4.7833333e-01
   7.8310000e+03   4.7793333e-01
   7.8370000e+03   4.7753333e-01
   7.8430000e+03   4.7713333e-01
   7.8490000e+03   4.7673333e-01
   7.8550000e+03   4.7633333e-01
   7.8610000e+03   4.7593333e-01
   7.8670000e+03   4.7553333e-01
   7.8730000e+03   4.7513333e-01
   7.8790000e+03   4.7473333e-01
   7.8850000e+03   4.7433333e-01
   7.8910000e+03   4.7393333e-01
   7.8970000e+03   4.7353333e-01
   7.9030000e+03   4.7313333e-01
   7.9090000e+03   4.7273333e-01
   7.9150000e+03   4.7233333e-01
   7.9210000e+03   4.7193333e-01
   7.9270000e+03   4.7153333e-01
   7.9330000e+03   4.7113333e-01
   7.9390000e+03   4.7073333e-01
   7.9450000e+03   4.7033333e-01
   7.9510000e+03   4.6993333e-01
   7.9570000e+03   4.6953333e-01
   7.9630000e+03   4.6913333e-01
   7.9690000e+03   4.6873333e-01
   7.9750000e+03   4.6833333e-01
   7.9810000e+03   4.6793333e-01
   7.9870000e+03   4.6753333e-01
   7.9930000e+03   4.6713333e-01
   7.9990000e+03   4.6673333e-01
   8.0050000e+03   4.6633333e-01
   8.0110000e+03   4.6593333e-01
   8.0170000e+03   4.6553333e-01
   8.0230000e+03   4.6513333e-01
   8.0290000e+03   4.6473333e-01
   8.0350000e+03   4.6433333e-01
   8.0410000e+03   4.6393333e-01
   8.0470000e+03   4.6353333e-01
   8.0530000e+03   4.6313333e-01
   8.0590000e+03   4.6273333e-01
   8.0650000e+03   4.6233333e-01
   8.0710000e+03   4.6193333e-01
   8.0770000e+03   4.6153333e-01
   8.0830000e+03   4.6113333e-01
   8.0890000e+03   4.6073333e-01
   8.0950000e+03   4.6033333e-01
   8.1010000e+03   4.5993333e-01
   8.1070000e+03   4.5953333e-01
   8.1130000e+03   4.5913333e-01
   8.1190000e+03   4.5873333e-01
   8.1250000e+03   4.5833333e-01
   8.1310000e+03   4.5793333e-01
   8.1370000e+03   4.5753333e-01
   8.1430000e+03   4.5713333e-01
   8.1490000e+03   4.5673333e-01
   8.1550000e+03   4.5633333e-01
   8.1610000e+03   4.5593333e-01
   8.1670000e+03   4.5553333e-01
   8.1730000e+03   4.5513333e-01
   8.1790000e+03   4.5473333e-01
   8.1850000e+03   4.5433333e-01
   8.1910000e+03   4.5393333e-01
   8.1970000e+03   4.5353333e-01
   8.2030000e+03   4.5313333e-01
   8.2090000e+03   4.5273333e-01
   8.2150000e+03   4.5233333e-01
   8.2210000e+03   4.5193333e-01
   8.2270000e+03   4.5153333e-01
   8.2330000e+03   4.5113333e-01
   8.2390000e+03   4.5073333e-01
   8.2450000e+03   4.5033333e-01
   8.2510000e+03   4.4993333e-01
   8.2570000e+03   4.4953333e-01
   8.2630000e+03   4.4913333e-01
   8.2690000e+03   4.4873333e-01
   8.2750000e+03   4.4833333e-01
   8.2810000e+03   4.4793333e-01
   8.2870000e+03   4.4753333e-01
   8.2930000e+03   4.4713333e-01
   8.2990000e+03   4.4673333e-01
   8.3050000e+03   4.4633333e-01
   8.3110000e+03   4.4593333e-01
   8.3170000e+03   4.4553333e-01
   8.3230000e+03   4.4513333e-01
   8.3290000e+03   4.4473333e-01
   8.3350000e+03   4.4433333e-01
   8.3410000e+03   4.4393333e-01
   8.3470000e+03   4.4353333e-01
   8.3530000e+03   4.4313333e-01
   8.3590000e+03   4.4273333e-01
   8.3650000e+03   4.4233333e-01
   8.3710000e+03   4.4193333e-01
   8.3770000e+03   4.4153333e-01
   8.3830000e+03   4.4113333e-01
   8.3890000e+03   4.4073333e-01
   8.3950000e+03   4.4033333e-01
   8.4010000e+03   4.3993333e-01
   8.4070000e+03   4.3953333e-01
   8.4130000e+03   4.3913333e-01
   8.4190000e+03   4.3873333e-01
   8.4250000e+03   4.3833333e-01
   8.4310000e+03   4.3793333e-01
   8.4370000e+03   4.3753333e-01
   8.4430000e+03   4.3713333e-01
   8.4490000e+03   4.3673333e-01
   8.4550000e+03   4.3633333e-01
   8.4610000e+03   4.3593333e-01
   8.4670000e+03   4.3553333e-01
   8.4730000e+03   4.3513333e-01
   8.4790000e+03   4.3473333e-01
   8.4850000e+03   4.3433333e-01
   8.4910000e+03   4.3393333e-01
   8.4970000e+03   4.3353333e-01
   8.5030000e+03   4.3313333e-01
   8.5090000e+03   4.3273333e-01
   8.5150000e+03   4.3233333e-01
   8.5210000e+03   4.3193333e-01
   8.5270000e+03   4.3153333e-01
   8.5330000e+03   4.3113333e-01
   8.5390000e+03   4.3073333e-01
   8.5450000e+03   4.3033333e-01
   8.5510000e+03   4.2993333e-01
   8.5570000e+03   4.2953333e-01
   8.5630000e+03   4.2913333e-01
   8.5690000e+03   4.2873333e-01
   8.5750000e+03   4.2833333e-01
   8.5810000e+03   4.2793333e-01
   8.5870000e+03   4.2753333e-01
   8.5930000e+03   4.2713333e-01
   8.5990000e+03   4.2673333e-01
   8.6050000e+03   4.2633333e-01
   8.6110000e+03   4.2593333e-01
   8.6170000e+03   4.2553333e-01
   8.6230000e+03   4.2513333e-01
   8.6290000e+03   4.2473333e-01
   8.6350000e+03   4.2433333e-01
   8.6410000e+03   4.2393333e-01
   8.6470000e+03   4.2353333e-01
   8.6530000e+03   4.2313333e-01
   8.6590000e+03   4.2273333e-01
   8.6650000e+03   4.2233333e-01
   8.6710000e+03   4.2193333e-01
   8.6770000e+03   4.2153333e-01
   8.6830000e+03   4.2113333e-01
   8.6890000e+03   4.2073333e-01
   8.6950000e+03   4.2033333e-01
   8.7010000e+03   4.1993333e-01
   8.7070000e+03   4.1953333e-01
   8.7130000e+03   4.1913333e-01
   8.7190000e+03   4.1873333e-01
   8.7250000e+03   4.1833333e-01
   8.7310000e+03   4.1793333e-01
   8.7370000e+03   4.1753333e-01
   8.7430000e+03   4.1713333e-01
   8.7490000e+03   4.1673333e-01
   8.7550000e+03   4.1633333e-01
   8.7610000e+03   4.1593333e-01
   8.7670000e+03   4.1553333e-01
   8.7730000e+03   4.1513333e-01
   8.7790000e+03   4.1473333e-01
   8.7850000e+03   4.1433333e-01
   8.7910000e+03   4.1393333e-01
   8.7970000e+03   4.1353333e-01
   8.8030000e+03   4.1313333e-01
   8.8090000e+03   4.1273333e-01
   8.8150000e+03   4.1233333e-01
   8.8210000e+03   4.1193333e-01
   8.8270000e+03   4.1153333e-01
   8.8330000e+03   4.1113333e-01
   8.8390000e+03   4.1073333e-01
   8.8450000e+03   4.1033333e-01
   8.8510000e+03   4.0993333e-01
   8.8570000e+03   4.0953333e-01
   8.8630000e+03   4.0913333e-01
   8.8690000e+03   4.0873333e-01
   8.8750000e+03   4.0833333e-01
   8.8810000e+03   4.0793333e-01
   8.8870000e+03   4.0753333e-01
   8.8930000e+03   4.0713333e-01
   8.8990000e+03   4.0673333e-01
   8.9050000e+03   4.0633333e-01
   8.9110000e+03   4.0593333e-01
   8.9170000e+03   4.0553333e-01
   8.9230000e+03   4.0513333e-01
   8.9290000e+03   4.0473333e-01
   8.9350000e+03   4.0433333e-01
   8.9410000e+03   4.0393333e-01
   8.9470000e+03   4.0353333e-01
   8.9530000e+03   4.0313333e-01
   8.9590000e+03   4.0273333e-01
   8.9650000e+03   4.0233333e-01
   8.9710000e+03   4.0193333e-01
   8.9770000e+03   4.0153333e-01
   8.9830000e+03   4.0113333e-01
   8.9890000e+03   4.0073333e-01
   8.9950000e+03   4.0033333e-01
   9.0010000e+03   3.9993333e-01
   9.0070000e+03   3.9953333e-01
   9.0130000e+03   3.9913333e-01
   9.0190000e+03   3.9873333e-01
   9.0250000e+03   3.9833333e-01
   9.0310000e+03   3.9793333e-01
   9.0370000e+03   3.9753333e-01
   9.0430000e+03   3.9713333e-01
   9.0490000e+03   3.9673333e-01
   9.0550000e+03   3.9633333e-01
   9.0610000e+03   3.9593333e-01
   9.0670000e+03   3.9553333e-01
   9.0730000e+03   3.9513333e-01
   9.0790000e+03   3.9473333e-01
   9.0850000e+03   3.9433333e-01
   9.0910000e+03   3.9393333e-01
   9.0970000e+03   3.9353333e-01
   9.1030000e+03   3.9313333e-01
   9.1090000e+03   3.9273333e-01
   9.1150000e+03   3.9233333e-01
   9.1210000e+03   3.9193333e-01
   9.1270000e+03   3.9153333e-01
   9.1330000e+03   3.9113333e-01
   9.1390000e+03   3.9073333e-01
   9.1450000e+03   3.9033333e-01
   9.1510000e+03   3.8993333e-01
   9.1570000e+03   3.8953333e-01
   9.1630000e+03   3.8913333e-01
   9.1690000e+03   3.8873333e-01
   9.1750000e+03   3.8833333e-01
   9.1810000e+03   3.8793333e-01
   9.1870000e+03   3.8753333e-01
   9.1930000e+03   3.8713333e-01
   9.1990000e+03   3.8673333e-01
   9.2050000e+03   3.8633333e-01
   9.2110000e+03   3.8593333e-01
   9.2170000e+03   3.8553333e-01
   9.2230000e+03   3.8513333e-01
   9.2290000e+03   3.8473333e-01
   9.2350000e+03   3.8433333e-01
   9.2410000e+03   3.8393333e-01
   9.2470000e+03   3.8353333e-01
   9.2530000e+03   3.8313333e-01
   9.2590000e+03   3.8273333e-01
   9.2650000e+03   3.8233333e-01
   9.2710000e+03   3.8193333e-01
   9.2770000e+03   3.8153333e-01
   9.2830000e+03   3.8113333e-01
   9.2890000e+03   3.8073333e-01
   9.2950000e+03   3.8033333e-01
   9.3010000e+03   3.7993333e-01
   9.3070000e+03   3.7953333e-01
   9.3130000e+03   3.7913333e-01
   9.3190000e+03   3.7873333e-01
   9.3250000e+03   3.7833333e-01
   9.3310000e+03   3.7793333e-01
   9.3370000e+03   3.7753333e-01
   9.3430000e+03   3.7713333e-01
   9.3490000e+03   3.7673333e-01
   9.3550000e+03   3.7633333e-01
   9.3610000e+03   3.7593333e-01
   9.3670000e+03   3.7553333e-01
   9.3730000e+03   3.7513333e-01
   9.3790000e+03   3.7473333e-01
   9.3850000e+03   3.7433333e-01
   9.3910000e+03   3.7393333e-01
   9.3970000e+03   3.7353333e-01
   9.4030000e+03   3.7313333e-01
   9.4090000e+03   3.7273333e-01
   9.4150000e+03   3.7233333e-01
   9.4210000e+03   3.7193333e-01
   9.4270000e+03   3.7153333e-01
   9.4330000e+03   3.7113333e-01
   9.4390000e+03   3.7073333e-01
   9.4450000e+03   3.7033333e-01
   9.4510000e+03   3.6993333e-01
   9.4570000e+03   3.6953333e-01
   9.4630000e+03   3.6913333e-01
   9.4690000e+03   3.6873333e-01
   9.4750000e+03   3.6833333e-01
   9.4810000e+03   3.6793333e-01
   9.4870000e+03   3.6753333e-01
   9.4930000e+03   3.6713333e-01
   9.4990000e+03   3.6673333e-01
   9.5050000e+03   3.6633333e-01
   9.5110000e+03   3.6593333e-01
   9.5170000e+03   3.6553333e-01
   9.5230000e+03   3.6513333e-01
   9.5290000e+03   3.6473333e-01
   9.5350000e+03   3.6433333e-01
   9.5410000e+03   3.6393333e-01
   9.5470000e+03   3.6353333e-01
   9.5530000e+03   3.6313333e-01
   9.5590000e+03   3.6273333e-01
   9.5650000e+03   3.6233333e-01
   9.5710000e+03   3.6193333e-01
   9.5770000e+03   3.6153333e-01
   9.5830000e+03   3.6113333e-01
   9.5890000e+03   3.6073333e-01
   9.5950000e+03   3.6033333e-01
   9.6010000e+03   3.5993333e-01
   9.6070000e+03   3.5953333e-01
   9.6130000e+03   3.5913333e-01
   9.6190000e+03   3.5873333e-01
   9.6250000e+03   3.5833333e-01
   9.6310000e+03   3.5793333e-01
   9.6370000e+03   3.5753333e-01
   9.6430000e+03   3.5713333e-01
   9.6490000e+03   3.5673333e-01
   9.6550000e+03   3.5633333e-01
   9.6610000e+03   3.5593333e-01
   9.6670000e+03   3.5553333e-01
   9.6730000e+03   3.5513333e-01
   9.6790000e+03   3.5473333e-01
   9.6850000e+03   3.5433333e-01
   9.6910000e+03   3.5393333e-01
   9.6970000e+03   3.5353333e-01
   9.7030000e+03   3.5313333e-01
   9.7090000e+03   3.5273333e-01
   9.7150000e+03   3.5233333e-01
   9.7210000e+03   3.5193333e-01
   9.7270000e+03   3.5153333e-01
   9.7330000e+03   3.5113333e-01
   9.7390000e+03   3.5073333e-01
   9.7450000e+03   3.5033333e-01
   9.7510000e+03   3.4993333e-01
   9.7570000e+03   3.4953333e-01
   9.7630000e+03   3.4913333e-01
   9.7690000e+03   3.4873333e-01
   9.7750000e+03   3.4833333e-01
   9.7810000e+03   3.4793333e-01
   9.7870000e+03   3.4753333e-01
   9.7930000e+03   3.4713333e-01
   9.7990000e+03   3.4673333e-01
   9.8050000e+03   3.4633333e-01
   9.8110000e+03   3.4593333e-01
   9.8170000e+03   3.4553333e-01
   9.8230000e+03   3.4513333e-01
   9.8290000e+03   3.4473333e-01
   9.8350000e+03   3.4433333e-01
   9.8410000e+03   3.4393333e-01
   9.8470000e+03   3.4353333e-01
   9.8530000e+03   3.4313333e-01
   9.8590000e+03   3.4273333e-01
   9.8650000e+03   3.4233333e-01
   9.8710000e+03   3.4193333e-01
   9.8770000e+03   3.4153333e-01
   9.8830000e+03   3.4113333e-01
   9.8890000e+03   3.4073333e-01
   9.8950000e+03   3.4033333e-01
   9.9010000e+03   3.3993333e-01
   9.9070000e+03   3.3953333e-01
   9.9130000e+03   3.3913333e-01
   9.9190000e+03   3.3873333e-01
   9.9250000e+03   3.3833333e-01
   9.9310000e+03   3.3793333e-01
   9.9370000e+03   3.3753333e-01
   9.9430000e+03   3.3713333e-01
   9.9490000e+03   3.3673333e-01
   9.9550000e+03   3.3633333e-01
   9.9610000e+03   3.3593333e-01
   9.9670000e+03   3.3553333e-01
   9.9730000e+03   3.3513333e-01
   9.9790000e+03   3.3473333e-01
   9.9850000e+03   3.3433333e-01
   9.9910000e+03   3.3393333e-01
   9.9970000e+03   3.3353333e-01
   1.0003000e+04   3.3313333e-01
   1.0009000e+04   3.3273333e-01
   1.0015000e+04   3.3233333e-01
   1.0021000e+04   3.3193333e-01
   1.0027000e+04   3.3153333e-01
   1.0033000e+04   3.3113333e-01
   1.0039000e+04   3.3073333e-01
   1.0045000e+04   3.3033333e-01
   1.0051000e+04   3.2993333e-01
   1.0057000e+04   3.2953333e-01
   1.0063000e+04   3.2913333e-01
   1.0069000e+04   3.2873333e-01
   1.0075000e+04   3.2833333e-01
   1.0081000e+04   3.2793333e-01
   1.0087000e+04   3.2753333e-01
   1.0093000e+04   3.2713333e-01
   1.0099000e+04   3.2673333e-01
   1.0105000e+04   3.2633333e-01
   1.0111000e+04   3.2593333e-01
   1.0117000e+04   3.2553333e-01
   1.0123000e+04   3.2513333e-01
   1.0129000e+04   3.2473333e-01
   1.0135000e+04   3.2433333e-01
   1.0141000e+04   3.2393333e-01
   1.0147000e+04   3.2353333e-01
   1.0153000e+04   3.2313333e-01
   1.0159000e+04   3.2273333e-01
   1.0165000e+04   3.2233333e-01
   1.0171000e+04   3.2193333e-01
   1.0177000e+04   3.2153333e-01
   1.0183000e+04   3.2113333e-01
   1.0189000e+04   3.2073333e-01
   1.0195000e+04   3.2033333e-01
   1.0201000e+04   3.1993333e-01
   1.0207000e+04   3.1953333e-01
   1.0213000e+04   3.1913333e-01
   1.0219000e+04   3.1873333e-01
   1.0225000e+04   3.1833333e-01
   1.0231000e+04   3.1793333e-01
   1.0237000e+04   3.1753333e-01
   1.0243000e+04   3.1713333e-01
   1.0249000e+04   3.1673333e-01
   1.0255000e+04   3.1633333e-01
   1.0261000e+04   3.1593333e-01
   1.0267000e+04   3.1553333e-01
   1.0273000e+04   3.1513333e-01
   1.0279000e+04   3.1473333e-01
   1.0285000e+04   3.1433333e-01
   1.0291000e+04   3.1393333e-01
   1.0297000e+04   3.1353333e-01
   1.0303000e+04   3.1313333e-01
   1.0309000e+04   3.1273333e-01
   1.0315000e+04   3.1233333e-01
   1.0321000e+04   3.1193333e-01
   1.0327000e+04   3.1153333e-01
   1.0333000e+04   3.1113333e-01
   1.0339000e+04   3.1073333e-01
   1.0345000e+04   3.1033333e-01
   1.0351000e+04   3.0993333e-01
   1.0357000e+04   3.0953333e-01
   1.0363000e+04   3.0913333e-01
   1.0369000e+04   3.0873333e-01
   1.0375000e+04   3.0833333e-01
   1.0381000e+04   3.0793333e-01
   1.0387000e+04   3.0753333e-01
   1.0393000e+04   3.0713333e-01
   1.0399000e+04   3.0673333e-01
   1.0405000e+04   3.0633333e-01
   1.0411000e+04   3.0593333e-01
   1.0417000e+04   3.0553333e-01
   1.0423000e+04   3.0513333e-01
   1.0429000e+04   3.0473333e-01
   1.0435000e+04   3.0433333e-01
   1.0441000e+04   3.0393333e-01
   1.0447000e+04   3.0353333e-01
   1.0453000e+04   3.0313333e-01
   1.0459000e+04   3.0273333e-01
   1.0465000e+04   3.0233333e-01
   1.0471000e+04   3.0193333e-01
   1.0477000e+04   3.0153333e-01
   1.0483000e+04   3.0113333e-01
   1.0489000e+04   3.0073333e-01
   1.0495000e+04   3.0033333e-01
   1.0501000e+04   2.9993333e-01
   1.0507000e+04   2.9953333e-01
   1.0513000e+04   2.9913333e-01
   1.0519000e+04   2.9873333e-01
   1.0525000e+04   2.9833333e-01
   1.0531000e+04   2.9793333e-01
   1.0537000e+04   2.9753333e-01
   1.0543000e+04   2.9713333e-01
   1.0549000e+04   2.9673333e-01
   1.0555000e+04   2.9633333e-01
   1.0561000e+04   2.9593333e-01
   1.0567000e+04   2.9553333e-01
   1.0573000e+04   2.9513333e-01
   1.0579000e+04   2.9473333e-01
   1.0585000e+04   2.9433333e-01
   1.0591000e+04   2.9393333e-01
   1.0597000e+04   2.9353333e-01
   1.0603000e+04   2.9313333e-01
   1.0609000e+04   2.9273333e-01
   1.0615000e+04   2.9233333e-01
   1.0621000e+04   2.9193333e-01
   1.0627000e+04   2.9153333e-01
   1.0633000e+04   2.9113333e-01
   1.0639000e+04   2.9073333e-01
   1.0645000e+04   2.9033333e-01
   1.0651000e+04   2.8993333e-01
   1.0657000e+04   2.8953333e-01
   1.0663000e+04   2.8913333e-01
   1.0669000e+04   2.8873333e-01
   1.0675000e+04   2.8833333e-01
   1.0681000e+04   2.8793333e-01
   1.0687000e+04   2.8753333e-01
   1.0693000e+04   2.8713333e-01
   1.0699000e+04   2.8673333e-01
   1.0705000e+04   2.8633333e-01
   1.0711000e+04   2.8593333e-01
   1.0717000e+04   2.8553333e-01
   1.0723000e+04   2.8513333e-01
   1.0729000e+04   2.8473333e-01
   1.0735000e+04   2.8433333e-01
   1.0741000e+04   2.8393333e-01
   1.0747000e+04   2.8353333e-01
   1.0753000e+04   2.8313333e-01
   1.0759000e+04   2.8273333e-01
   1.0765000e+04   2.8233333e-01
   1.0771000e+04   2.8193333e-01
   1.0777000e+04   2.8153333e-01
   1.0783000e+04   2.8113333e-01
   1.0789000e+04   2.8073333e-01
   1.0795000e+04   2.8033333e-01
   1.0801000e+04   2.7993333e-01
   1.0807000e+04   2.7953333e-01
   1.0813000e+04   2.7913333e-01
   1.0819000e+04   2.7873333e-01
   1.0825000e+04   2.7833333e-01
   1.0831000e+04   2.7793333e-01
   1.0837000e+04   2.7753333e-01
   1.0843000e+04   2.7713333e-01
   1.0849000e+04   2.7673333e-01
   1.0855000e+04   2.7633333e-01
   1.0861000e+04   2.7593333e-01
   1.0867000e+04   2.7553333e-01
   1.0873000e+04   2.7513333e-01
   1.0879000e+04   2.7473333e-01
   1.0885000e+04   2.7433333e-01
   1.0891000e+04   2.7393333e-01
   1.0897000e+04   2.7353333e-01
   1.0903000e+04   2.7313333e-01
   1.0909000e+04   2.7273333e-01
   1.0915000e+04   2.7233333e-01
   1.0921000e+04   2.7193333e-01
   1.0927000e+04   2.7153333e-01
   1.0933000e+04   2.7113333e-01
   1.0939000e+04   2.7073333e-01
   1.0945000e+04   2.7033333e-01
   1.0951000e+04   2.6993333e-01
   1.0957000e+04   2.6953333e-01
   1.0963000e+04   2.6913333e-01
   1.0969000e+04   2.6873333e-01
   1.0975000e+04   2.6833333e-01
   1.0981000e+04   2.6793333e-01
   1.0987000e+04   2.6753333e-01
   1.0993000e+04   2.6713333e-01
   1.0999000e+04   2.6673333e-01
   1.1005000e+04   2.6633333e-01
   1.1011000e+04   2.6593333e-01
   1.1017000e+04   2.6553333e-01
   1.1023000e+04   2.6513333e-01
   1.1029000e+04   2.6473333e-01
   1.1035000e+04   2.6433333e-01
   1.1041000e+04   2.6393333e-01
   1.1047000e+04   2.6353333e-01
   1.1053000e+04   2.6313333e-01
   1.1059000e+04   2.6273333e-01
   1.1065000e+04   2.6233333e-01
   1.1071000e+04   2.6193333e-01
   1.1077000e+04   2.6153333e-01
   1.1083000e+04   2.6113333e-01
   1.1089000e+04   2.6073333e-01
   1.1095000e+04   2.6033333e-01
   1.1101000e+04   2.5993333e-01
   1.1107000e+04   2.5953333e-01
   1.1113000e+04   2.5913333e-01
   1.1119000e+04   2.5873333e-01
   1.1125000e+04   2.5833333e-01
   1.1131000e+04   2.5793333e-01
   1.1137000e+04   2.5753333e-01
   1.1143000e+04   2.5713333e-01
   1.1149000e+04   2.5673333e-01
   1.1155000e+04   2.5633333e-01
   1.1161000e+04   2.5593333e-01
   1.1167000e+04   2.5553333e-01
   1.1173000e+04   2.5513333e-01
   1.1179000e+04   2.5473333e-01
   1.1185000e+04   2.5433333e-01
   1.1191000e+04   2.5393333e-01
   1.1197000e+04   2.5353333e-01
   1.1203000e+04   2.5313333e-01
   1.1209000e+04   2.5273333e-01
   1.1215000e+04   2.5233333e-01
   1.1221000e+04   2.5193333e-01
   1.1227000e+04   2.5153333e-01
   1.1233000e+04   2.5113333e-01
   1.1239000e+04   2.5073333e-01
   1.1245000e+04   2.5033333e-01
   1.1251000e+04   2.4993333e-01
   1.1257000e+04   2.4953333e-01
   1.1263000e+04   2.4913333e-01
   1.1269000e+04   2.4873333e-01
   1.1275000e+04   2.4833333e-01
   1.1281000e+04   2.4793333e-01
   1.1287000e+04   2.4753333e-01
   1.1293000e+04   2.4713333e-01
   1.1299000e+04   2.4673333e-01
   1.1305000e+04   2.4633333e-01
   1.1311000e+04   2.4593333e-01
   1.1317000e+04   2.4553333e-01
   1.1323000e+04   2.4513333e-01
   1.1329000e+04   2.4473333e-01
   1.1335000e+04   2.4433333e-01
   1.1341000e+04   2.4393333e-01
   1.1347000e+04   2.4353333e-01
   1.1353000e+04   2.4313333e-01
   1.1359000e+04   2.4273333e-01
   1.1365000e+04   2.4233333e-01
   1.1371000e+04   2.4193333e-01
   1.1377000e+04   2.4153333e-01
   1.1383000e+04   2.4113333e-01
   1.1389000e+04   2.4073333e-01
   1.1395000e+04   2.4033333e-01
   1.1401000e+04   2.3993333e-01
   1.1407000e+04   2.3953333e-01
   1.1413000e+04   2.3913333e-01
   1.1419000e+04   2.3873333e-01
   1.1425000e+04   2.3833333e-01
   1.1431000e+04   2.3793333e-01
   1.1437000e+04   2.3753333e-01
   1.1443000e+04   2.3713333e-01
   1.1449000e+04   2.3673333e-01
   1.1455000e+04   2.3633333e-01
   1.1461000e+04   2.3593333e-01
   1.1467000e+04   2.3553333e-01
   1.1473000e+04   2.3513333e-01
   1.1479000e+04   2.3473333e-01
   1.1485000e+04   2.3433333e-01
   1.1491000e+04   2.3393333e-01
   1.1497000e+04   2.3353333e-01
   1.1503000e+04   2.3313333e-01
   1.1509000e+04   2.3273333e-01
   1.1515000e+04   2.3233333e-01
   1.1521000e+04   2.3193333e-01
   1.1527000e+04   2.3153333e-01
   1.1533000e+04   2.3113333e-01
   1.1539000e+04   2.3073333e-01
   1.1545000e+04   2.3033333e-01
   1.1551000e+04   2.2993333e-01
   1.1557000e+04   2.2953333e-01
   1.1563000e+04   2.2913333e-01
   1.1569000e+04   2.2873333e-01
   1.1575000e+04   2.2833333e-01
   1.1581000e+04   2.2793333e-01
   1.1587000e+04   2.2753333e-01
   1.1593000e+04   2.2713333e-01
   1.1599000e+04   2.2673333e-01
   1.1605000e+04   2.2633333e-01
   1.1611000e+04   2.2593333e-01
   1.1617000e+04   2.2553333e-01
   1.1623000e+04   2.2513333e-01
   1.1629000e+04   2.2473333e-01
   1.1635000e+04   2.2433333e-01
   1.1641000e+04   2.2393333e-01
   1.1647000e+04   2.2353333e-01
   1.1653000e+04   2.2313333e-01
   1.1659000e+04   2.2273333e-01
   1.1665000e+04   2.2233333e-01
   1.1671000e+04   2.2193333e-01
   1.1677000e+04   2.2153333e-01
   1.1683000e+04   2.2113333e-01
   1.1689000e+04   2.2073333e-01
   1.1695000e+04   2.2033333e-01
   1.1701000e+04   2.1993333e-01
   1.1707000e+04   2.1953333e-01
   1.1713000e+04   2.1913333e-01
   1.1719000e+04   2.1873333e-01
   1.1725000e+04   2.1833333e-01
   1.1731000e+04   2.1793333e-01
   1.1737000e+04   2.1753333e-01
   1.1743000e+04   2.1713333e-01
   1.1749000e+04   2.1673333e-01
   1.1755000e+04   2.1633333e-01
   1.1761000e+04   2.1593333e-01
   1.1767000e+04   2.1553333e-01
   1.1773000e+04   2.1513333e-01
   1.1779000e+04   2.1473333e-01
   1.1785000e+04   2.1433333e-01
   1.1791000e+04   2.1393333e-01
   1.1797000e+04   2.1353333e-01
   1.1803000e+04   2.1313333e-01
   1.1809000e+04   2.1273333e-01
   1.1815000e+04   2.1233333e-01
   1.1821000e+04   2.1193333e-01
   1.1827000e+04   2.1153333e-01
   1.1833000e+04   2.1113333e-01
   1.1839000e+04   2.1073333e-01
   1.1845000e+04   2.1033333e-01
   1.1851000e+04   2.0993333e-01
   1.1857000e+04   2.0953333e-01
   1.1863000e+04   2.0913333e-01
   1.1869000e+04   2.0873333e-01
   1.1875000e+04   2.0833333e-01
   1.1881000e+04   2.0793333e-01
   1.1887000e+04   2.0753333e-01
   1.1893000e+04   2.0713333e-01
   1.1899000e+04   2.0673333e-01
   1.1905000e+04   2.0633333e-01
   1.1911000e+04   2.0593333e-01
   1.1917000e+04   2.0553333e-01
   1.1923000e+04   2.0513333e-01
   1.1929000e+04   2.0473333e-01
   1.1935000e+04   2.0433333e-01
   1.1941000e+04   2.0393333e-01
   1.1947000e+04   2.0353333e-01
   1.1953000e+04   2.0313333e-01
   1.1959000e+04   2.0273333e-01
   1.1965000e+04   2.0233333e-01
   1.1971000e+04   2.0193333e-01
   1.1977000e+04   2.0153333e-01
   1.1983000e+04   2.0113333e-01
   1.1989000e+04   2.0073333e-01
   1.1995000e+04   2.0033333e-01
   1.2001000e+04   1.9993333e-01
   1.2007000e+04   1.9953333e-01
   1.2013000e+04   1.9913333e-01
   1.2019000e+04   1.9873333e-01
   1.2025000e+04   1.9833333e-01
   1.2031000e+04   1.9793333e-01
   1.2037000e+04   1.9753333e-01
   1.2043000e+04   1.9713333e-01
   1.2049000e+04   1.9673333e-01
   1.2055000e+04   1.9633333e-01
   1.2061000e+04   1.9593333e-01
   1.2067000e+04   1.9553333e-01
   1.2073000e+04   1.9513333e-01
   1.2079000e+04   1.9473333e-01
   1.2085000e+04   1.9433333e-01
   1.2091000e+04   1.9393333e-01
   1.2097000e+04   1.9353333e-01
   1.2103000e+04   1.9313333e-01
   1.2109000e+04   1.9273333e-01
   1.2115000e+04   1.9233333e-01
   1.2121000e+04   1.9193333e-01
   1.2127000e+04   1.9153333e-01
   1.2133000e+04   1.9113333e-01
   1.2139000e+04   1.9073333e-01
   1.2145000e+04   1.9033333e-01
   1.2151000e+04   1.8993333e-01
   1.2157000e+04   1.8953333e-01
   1.2163000e+04   1.8913333e-01
   1.2169000e+04   1.8873333e-01
   1.2175000e+04   1.8833333e-01
   1.2181000e+04   1.8793333e-01
   1.2187000e+04   1.8753333e-01
   1.2193000e+04   1.8713333e-01
   1.2199000e+04   1.8673333e-01
   1.2205000e+04   1.8633333e-01
   1.2211000e+04   1.8593333e-01
   1.2217000e+04   1.8553333e-01
   1.2223000e+04   1.8513333e-01
   1.2229000e+04   1.8473333e-01
   1.2235000e+04   1.8433333e-01
   1.2241000e+04   1.8393333e-01
   1.2247000e+04   1.8353333e-01
   1.2253000e+04   1.8313333e-01
   1.2259000e+04   1.8273333e-01
   1.2265000e+04   1.8233333e-01
   1.2271000e+04   1.8193333e-01
   1.2277000e+04   1.8153333e-01
   1.2283000e+04   1.8113333e-01
   1.2289000e+04   1.8073333e-01
   1.2295000e+04   1.8033333e-01
   1.2301000e+04   1.7993333e-01
   1.2307000e+04   1.7953333e-01
   1.2313000e+04   1.7913333e-01
   1.2319000e+04   1.7873333e-01
   1.2325000e+04   1.7833333e-01
   1.2331000e+04   1.7793333e-01
   1.2337000e+04   1.7753333e-01
   1.2343000e+04   1.7713333e-01
   1.2349000e+04   1.7673333e-01
   1.2355000e+04   1.7633333e-01
   1.2361000e+04   1.7593333e-01
   1.2367000e+04   1.7553333e-01
   1.2373000e+04   1.7513333e-01
   1.2379000e+04   1.7473333e-01
   1.2385000e+04   1.7433333e-01
   1.2391000e+04   1.7393333e-01
   1.2397000e+04   1.7353333e-01
   1.2403000e+04   1.7313333e-01
   1.2409000e+04   1.7273333e-01
   1.2415000e+04   1.7233333e-01
   1.2421000e+04   1.7193333e-01
   1.2427000e+04   1.7153333e-01
   1.2433000e+04   1.7113333e-01
   1.2439000e+04   1.7073333e-01
   1.2445000e+04   1.7033333e-01
   1.2451000e+04   1.6993333e-01
   1.2457000e+04   1.6953333e-01
   1.2463000e+04   1.6913333e-01
   1.2469000e+04   1.6873333e-01
   1.2475000e+04   1.6833333e-01
   1.2481000e+04   1.6793333e-01
   1.2487000e+04   1.6753333e-01
   1.2493000e+04   1.6713333e-01
   1.2499000e+04   1.6673333e-01
   1.2505000e+04   1.6633333e-01
   1.2511000e+04   1.6593333e-01
   1.2517000e+04   1.6553333e-01
   1.2523000e+04   1.6513333e-01
   1.2529000e+04   1.6473333e-01
   1.2535000e+04   1.6433333e-01
   1.2541000e+04   1.6393333e-01
   1.2547000e+04   1.6353333e-01
   1.2553000e+04   1.6313333e-01
   1.2559000e+04   1.6273333e-01
   1.2565000e+04   1.6233333e-01
   1.2571000e+04   1.6193333e-01
   1.2577000e+04   1.6153333e-01
   1.2583000e+04   1.6113333e-01
   1.2589000e+04   1.6073333e-01
   1.2595000e+04   1.6033333e-01
   1.2601000e+04   1.5993333e-01
   1.2607000e+04   1.5953333e-01
   1.2613000e+04   1.5913333e-01
   1.2619000e+04   1.5873333e-01
   1.2625000e+04   1.5833333e-01
   1.2631000e+04   1.5793333e-01
   1.2637000e+04   1.5753333e-01
   1.2643000e+04   1.5713333e-01
   1.2649000e+04   1.5673333e-01
   1.2655000e+04   1.5633333e-01
   1.2661000e+04   1.5593333e-01
   1.2667000e+04   1.5553333e-01
   1.2673000e+04   1.5513333e-01
   1.2679000e+04   1.5473333e-01
   1.2685000e+04   1.5433333e-01
   1.2691000e+04   1.5393333e-01
   1.2697000e+04   1.5353333e-01
   1.2703000e+04   1.5313333e-01
   1.2709000e+04   1.5273333e-01
   1.2715000e+04   1.5233333e-01
   1.2721000e+04   1.5193333e-01
   1.2727000e+04   1.5153333e-01
   1.2733000e+04   1.5113333e-01
   1.2739000e+04   1.5073333e-01
   1.2745000e+04   1.5033333e-01
   1.2751000e+04   1.4993333e-01
   1.2757000e+04   1.4953333e-01
   1.2763000e+04   1.4913333e-01
   1.2769000e+04   1.4873333e-01
   1.2775000e+04   1.4833333e-01
   1.2781000e+04   1.4793333e-01
   1.2787000e+04   1.4753333e-01
   1.2793000e+04   1.4713333e-01
   1.2799000e+04   1.4673333e-01
   1.2805000e+04   1.4633333e-01
   1.2811000e+04   1.4593333e-01
   1.2817000e+04   1.4553333e-01
   1.2823000e+04   1.4513333e-01
   1.2829000e+04   1.4473333e-01
   1.2835000e+04   1.4433333e-01
   1.2841000e+04   1.4393333e-01
   1.2847000e+04   1.4353333e-01
   1.2853000e+04   1.4313333e-01
   1.2859000e+04   1.4273333e-01
   1.2865000e+04   1.4233333e-01
   1.2871000e+04   1.4193333e-01
   1.2877000e+04   1.4153333e-01
   1.2883000e+04   1.4113333e-01
   1.2889000e+04   1.4073333e-01
   1.2895000e+04   1.4033333e-01
   1.2901000e+04   1.3993333e-01
   1.2907000e+04   1.3953333e-01
   1.2913000e+04   1.3913333e-01
   1.2919000e+04   1.3873333e-01
   1.2925000e+04   1.3833333e-01
   1.2931000e+04   1.3793333e-01
   1.2937000e+04   1.3753333e-01
   1.2943000e+04   1.3713333e-01
   1.2949000e+04   1.3673333e-01
   1.2955000e+04   1.3633333e-01
   1.2961000e+04   1.3593333e-01
   1.2967000e+04   1.3553333e-01
   1.2973000e+04   1.3513333e-01
   1.2979000e+04   1.3473333e-01
   1.2985000e+04   1.3433333e-01
   1.2991000e+04   1.3393333e-01
   1.2997000e+04   1.3353333e-01
   1.3003000e+04   1.3313333e-01
   1.3009000e+04   1.3273333e-01
   1.3015000e+04   1.3233333e-01
   1.3021000e+04   1.3193333e-01
   1.3027000e+04   1.3153333e-01
   1.3033000e+04   1.3113333e-01
   1.3039000e+04   1.3073333e-01
   1.3045000e+04   1.3033333e-01
   1.3051000e+04   1.2993333e-01
   1.3057000e+04   1.2953333e-01
   1.3063000e+04   1.2913333e-01
   1.3069000e+04   1.2873333e-01
   1.3075000e+04   1.2833333e-01
   1.3081000e+04   1.2793333e-01
   1.3087000e+04   1.2753333e-01
   1.3093000e+04   1.2713333e-01
   1.3099000e+04   1.2673333e-01
   1.3105000e+04   1.2633333e-01
   1.3111000e+04   1.2593333e-01
   1.3117000e+04   1.2553333e-01
   1.3123000e+04   1.2513333e-01
   1.3129000e+04   1.2473333e-01
   1.3135000e+04   1.2433333e-01
   1.3141000e+04   1.2393333e-01
   1.3147000e+04   1.2353333e-01
   1.3153000e+04   1.2313333e-01
   1.3159000e+04   1.2273333e-01
   1.3165000e+04   1.2233333e-01
   1.3171000e+04   1.2193333e-01
   1.3177000e+04   1.2153333e-01
   1.3183000e+04   1.2113333e-01
   1.3189000e+04   1.2073333e-01
   1.3195000e+04   1.2033333e-01
   1.3201000e+04   1.1993333e-01
   1.3207000e+04   1.1953333e-01
   1.3213000e+04   1.1913333e-01
   1.3219000e+04   1.1873333e-01
   1.3225000e+04   1.1833333e-01
   1.3231000e+04   1.1793333e-01
   1.3237000e+04   1.1753333e-01
   1.3243000e+04   1.1713333e-01
   1.3249000e+04   1.1673333e-01
   1.3255000e+04   1.1633333e-01
   1.3261000e+04   1.1593333e-01
   1.3267000e+04   1.1553333e-01
   1.3273000e+04   1.1513333e-01
   1.3279000e+04   1.1473333e-01
   1.3285000e+04   1.1433333e-01
   1.3291000e+04   1.1393333e-01
   1.3297000e+04   1.1353333e-01
   1.3303000e+04   1.1313333e-01
   1.3309000e+04   1.1273333e-01
   1.3315000e+04   1.1233333e-01
   1.3321000e+04   1.1193333e-01
   1.3327000e+04   1.1153333e-01
   1.3333000e+04   1.1113333e-01
   1.3339000e+04   1.1073333e-01
   1.3345000e+04   1.1033333e-01
   1.3351000e+04   1.0993333e-01
   1.3357000e+04   1.0953333e-01
   1.3363000e+04   1.0913333e-01
   1.3369000e+04   1.0873333e-01
   1.3375000e+04   1.0833333e-01
   1.3381000e+04   1.0793333e-01
   1.3387000e+04   1.0753333e-01
   1.3393000e+04   1.0713333e-01
   1.3399000e+04   1.0673333e-01
   1.3405000e+04   1.0633333e-01
   1.3411000e+04   1.0593333e-01
   1.3417000e+04   1.0553333e-01
   1.3423000e+04   1.0513333e-01
   1.3429000e+04   1.0473333e-01
   1.3435000e+04   1.0433333e-01
   1.3441000e+04   1.0393333e-01
   1.3447000e+04   1.0353333e-01
   1.3453000e+04   1.0313333e-01
   1.3459000e+04   1.0273333e-01
   1.3465000e+04   1.0233333e-01
   1.3471000e+04   1.0193333e-01
   1.3477000e+04   1.0153333e-01
   1.3483000e+04   1.0113333e-01
   1.3489000e+04   1.0073333e-01
   1.3495000e+04   1.0033333e-01
   1.3501000e+04   9.9933333e-02
   1.3507000e+04   9.9533333e-02
   1.3513000e+04   9.9133333e-02
   1.3519000e+04   9.8733333e-02
   1.3525000e+04   9.8333333e-02
   1.3531000e+04   9.7933333e-02
   1.3537000e+04   9.7533333e-02
   1.3543000e+04   9.7133333e-02
   1.3549000e+04   9.6733333e-02
   1.3555000e+04   9.6333333e-02
   1.3561000e+04   9.5933333e-02
   1.3567000e+04   9.5533333e-02
   1.3573000e+04   9.5133333e-02
   1.3579000e+04   9.4733333e-02
   1.3585000e+04   9.4333333e-02
   1.3591000e+04   9.3933333e-02
   1.3597000e+04   9.3533333e-02
   1.3603000e+04   9.3133333e-02
   1.3609000e+04   9.2733333e-02
   1.3615000e+04   9.2333333e-02
   1.3621000e+04   9.1933333e-02
   1.3627000e+04   9.1533333e-02
   1.3633000e+04   9.1133333e-02
   1.3639000e+04   9.0733333e-02
   1.3645000e+04   9.0333333e-02
   1.3651000e+04   8.9933333e-02
   1.3657000e+04   8.9533333e-02
   1.3663000e+04   8.9133333e-02
   1.3669000e+04   8.8733333e-02
   1.3675000e+04   8.8333333e-02
   1.3681000e+04   8.7933333e-02
   1.3687000e+04   8.7533333e-02
   1.3693000e+04   8.7133333e-02
   1.3699000e+04   8.6733333e-02
   1.3705000e+04   8.6333333e-02
   1.3711000e+04   8.5933333e-02
   1.3717000e+04   8.5533333e-02
   1.3723000e+04   8.5133333e-02
   1.3729000e+04   8.4733333e-02
   1.3735000e+04   8.4333333e-02
   1.3741000e+04   8.3933333e-02
   1.3747000e+04   8.3533333e-02
   1.3753000e+04   8.3133333e-02
   1.3759000e+04   8.2733333e-02
   1.3765000e+04   8.2333333e-02
   1.3771000e+04   8.1933333e-02
   1.3777000e+04   8.1533333e-02
   1.3783000e+04   8.1133333e-02
   1.3789000e+04   8.0733333e-02
   1.3795000e+04   8.0333333e-02
   1.3801000e+04   7.9933333e-02
   1.3807000e+04   7.9533333e-02
   1.3813000e+04   7.9133333e-02
   1.3819000e+04   7.8733333e-02
   1.3825000e+04   7.8333333e-02
   1.3831000e+04   7.7933333e-02
   1.3837000e+04   7.7533333e-02
   1.3843000e+04   7.7133333e-02
   1.3849000e+04   7.6733333e-02
   1.3855000e+04   7.6333333e-02
   1.3861000e+04   7.5933333e-02
   1.3867000e+04   7.5533333e-02
   1.3873000e+04   7.5133333e-02
   1.3879000e+04   7.4733333e-02
   1.3885000e+04   7.4333333e-02
   1.3891000e+04   7.3933333e-02
   1.3897000e+04   7.3533333e-02
   1.3903000e+04   7.3133333e-02
   1.3909000e+04   7.2733333e-02
   1.3915000e+04   7.2333333e-02
   1.3921000e+04   7.1933333e-02
   1.3927000e+04   7.1533333e-02
   1.3933000e+04   7.1133333e-02
   1.3939000e+04   7.0733333e-02
   1.3945000e+04   7.0333333e-02
   1.3951000e+04   6.9933333e-02
   1.3957000e+04   6.9533333e-02
   1.3963000e+04   6.9133333e-02
   1.3969000e+04   6.8733333e-02
   1.3975000e+04   6.8333333e-02
   1.3981000e+04   6.7933333e-02
   1.3987000e+04   6.7533333e-02
   1.3993000e+04   6.7133333e-02
   1.3999000e+04   6.6733333e-02
   1.4005000e+04   6.6333333e-02
   1.4011000e+04   6.5933333e-02
   1.4017000e+04   6.5533333e-02
   1.4023000e+04   6.5133333e-02
   1.4029000e+04   6.4733333e-02
   1.4035000e+04   6.4333333e-02
   1.4041000e+04   6.3933333e-02
   1.4047000e+04   6.3533333e-02
   1.4053000e+04   6.3133333e-02
   1.4059000e+04   6.2733333e-02
   1.4065000e+04   6.2333333e-02
   1.4071000e+04   6.1933333e-02
   1.4077000e+04   6.1533333e-02
   1.4083000e+04   6.1133333e-02
   1.4089000e+04   6.0733333e-02
   1.4095000e+04   6.0333333e-02
   1.4101000e+04   5.9933333e-02
   1.4107000e+04   5.9533333e-02
   1.4113000e+04   5.9133333e-02
   1.4119000e+04   5.8733333e-02
   1.4125000e+04   5.8333333e-02
   1.4131000e+04   5.7933333e-02
   1.4137000e+04   5.7533333e-02
   1.4143000e+04   5.7133333e-02
   1.4149000e+04   5.6733333e-02
   1.4155000e+04   5.6333333e-02
   1.4161000e+04   5.5933333e-02
   1.4167000e+04   5.5533333e-02
   1.4173000e+04   5.5133333e-02
   1.4179000e+04   5.4733333e-02
   1.4185000e+04   5.4333333e-02
   1.4191000e+04   5.3933333e-02
   1.4197000e+04   5.3533333e-02
   1.4203000e+04   5.3133333e-02
   1.4209000e+04   5.2733333e-02
   1.4215000e+04   5.2333333e-02
   1.4221000e+04   5.1933333e-02
   1.4227000e+04   5.1533333e-02
   1.4233000e+04   5.1133333e-02
   1.4239000e+04   5.0733333e-02
   1.4245000e+04   5.0333333e-02
   1.4251000e+04   4.9933333e-02
   1.4257000e+04   4.9533333e-02
   1.4263000e+04   4.9133333e-02
   1.4269000e+04   4.8733333e-02
   1.4275000e+04   4.8333333e-02
   1.4281000e+04   4.7933333e-02
   1.4287000e+04   4.7533333e-02
   1.4293000e+04   4.7133333e-02
   1.4299000e+04   4.6733333e-02
   1.4305000e+04   4.6333333e-02
   1.4311000e+04   4.5933333e-02
   1.4317000e+04   4.5533333e-02
   1.4323000e+04   4.5133333e-02
   1.4329000e+04   4.4733333e-02
   1.4335000e+04   4.4333333e-02
   1.4341000e+04   4.3933333e-02
   1.4347000e+04   4.3533333e-02
   1.4353000e+04   4.3133333e-02
   1.4359000e+04   4.2733333e-02
   1.4365000e+04   4.2333333e-02
   1.4371000e+04   4.1933333e-02
   1.4377000e+04   4.1533333e-02
   1.4383000e+04   4.1133333e-02
   1.4389000e+04   4.0733333e-02
   1.4395000e+04   4.0333333e-02
   1.4401000e+04   3.9933333e-02
   1.4407000e+04   3.9533333e-02
   1.4413000e+04   3.9133333e-02
   1.4419000e+04   3.8733333e-02
   1.4425000e+04   3.8333333e-02
   1.4431000e+04   3.7933333e-02
   1.4437000e+04   3.7533333e-02
   1.4443000e+04   3.7133333e-02
   1.4449000e+04   3.6733333e-02
   1.4455000e+04   3.6333333e-02
   1.4461000e+04   3.5933333e-02
   1.4467000e+04   3.5533333e-02
   1.4473000e+04   3.5133333e-02
   1.4479000e+04   3.4733333e-02
   1.4485000e+04   3.4333333e-02
   1.4491000e+04   3.3933333e-02
   1.4497000e+04   3.3533333e-02
   1.4503000e+04   3.3133333e-02
   1.4509000e+04   3.2733333e-02
   1.4515000e+04   3.2333333e-02
   1.4521000e+04   3.1933333e-02
   1.4527000e+04   3.1533333e-02
   1.4533000e+04   3.1133333e-02
   1.4539000e+04   3.0733333e-02
   1.4545000e+04   3.0333333e-02
   1.4551000e+04   2.9933333e-02
   1.4557000e+04   2.9533333e-02
   1.4563000e+04   2.9133333e-02
   1.4569000e+04   2.8733333e-02
   1.4575000e+04   2.8333333e-02
   1.4581000e+04   2.7933333e-02
   1.4587000e+04   2.7533333e-02
   1.4593000e+04   2.7133333e-02
   1.4599000e+04   2.6733333e-02
   1.4605000e+04   2.6333333e-02
   1.4611000e+04   2.5933333e-02
   1.4617000e+04   2.5533333e-02
   1.4623000e+04   2.5133333e-02
   1.4629000e+04   2.4733333e-02
   1.4635000e+04   2.4333333e-02
   1.4641000e+04   2.3933333e-02
   1.4647000e+04   2.3533333e-02
   1.4653000e+04   2.3133333e-02
   1.4659000e+04   2.2733333e-02
   1.4665000e+04   2.2333333e-02
   1.4671000e+04   2.1933333e-02
   1.4677000e+04   2.1533333e-02
   1.4683000e+04   2.1133333e-02
   1.4689000e+04   2.0733333e-02
   1.4695000e+04   2.0333333e-02
   1.4701000e+04   1.9933333e-02
   1.4707000e+04   1.9533333e-02
   1.4713000e+04   1.9133333e-02
   1.4719000e+04   1.8733333e-02
   1.4725000e+04   1.8333333e-02
   1.4731000e+04   1.7933333e-02
   1.4737000e+04   1.7533333e-02
   1.4743000e+04   1.7133333e-02
   1.4749000e+04   1.6733333e-02
   1.4755000e+04   1.6333333e-02
   1.4761000e+04   1.5933333e-02
   1.4767000e+04   1.5533333e-02
   1.4773000e+04   1.5133333e-02
   1.4779000e+04   1.4733333e-02
   1.4785000e+04   1.4333333e-02
   1.4791000e+04   1.3933333e-02
   1.4797000e+04   1.3533333e-02
   1.4803000e+04   1.3133333e-02
   1.4809000e+04   1.2733333e-02
   1.4815000e+04   1.2333333e-02
   1.4821000e+04   1.1933333e-02
   1.4827000e+04   1.1533333e-02
   1.4833000e+04   1.1133333e-02
   1.4839000e+04   1.0733333e-02
   1.4845000e+04   1.0333333e-02
   1.4851000e+04   9.9333333e-03
   1.4857000e+04   9.5333333e-03
   1.4863000e+04   9.1333333e-03
   1.4869000e+04   8.7333333e-03
   1.4875000e+04   8.3333333e-03
   1.4881000e+04   7.9333333e-03
   1.4887000e+04   7.5333333e-03
   1.4893000e+04   7.1333333e-03
   1.4899000e+04   6.7333333e-03
   1.4905000e+04   6.3333333e-03
   1.4911000e+04   5.9333333e-03
   1.4917000e+04   5.5333333e-03
   1.4923000e+04   5.1333333e-03
   1.4929000e+04   4.7333333e-03
   1.4935000e+04   4.3333333e-03
   1.4941000e+04   3.9333333e-03
   1.4947000e+04   3.5333333e-03
   1.4953000e+04   3.1333333e-03
   1.4959000e+04   2.7333333e-03
   1.4965000e+04   2.3333333e-03
   1.4971000e+04   1.9333333e-03
   1.4977000e+04   1.5333333e-03
   1.4983000e+04   1.1333333e-03
   1.4989000e+04   7.3333333e-04
   1.4995000e+04   3.3333333e-04
