   1.0000000e+00   8.9519008e-01
   7.0000000e+00   8.3770819e-01
   1.3000000e+01   7.7026027e-01
   1.9000000e+01   7.2720172e-01
   2.5000000e+01   6.5102483e-01
   3.1000000e+01   6.2259555e-01
   3.7000000e+01   5.9679040e-01
   4.3000000e+01   5.8126446e-01
   4.9000000e+01   5.5042355e-01
   5.5000000e+01   5.1838961e-01
   6.1000000e+01   4.9134652e-01
   6.7000000e+01   4.8062743e-01
   7.3000000e+01   4.6949146e-01
   7.9000000e+01   4.5370012e-01
   8.5000000e+01   4.4528755e-01
   9.1000000e+01   4.3146852e-01
   9.7000000e+01   4.2394605e-01
   1.0300000e+02   4.1749152e-01
   1.0900000e+02   4.0879892e-01
   1.1500000e+02   4.0100693e-01
   1.2100000e+02   3.9343035e-01
   1.2700000e+02   3.8465870e-01
   1.3300000e+02   3.7863025e-01
   1.3900000e+02   3.7332944e-01
   1.4500000e+02   3.6637431e-01
   1.5100000e+02   3.5848272e-01
   1.5700000e+02   3.5356341e-01
   1.6300000e+02   3.4697264e-01
   1.6900000e+02   3.4403574e-01
   1.7500000e+02   3.4027280e-01
   1.8100000e+02   3.3606261e-01
   1.8700000e+02   3.2862956e-01
   1.9300000e+02   3.2301993e-01
   1.9900000e+02   3.1907039e-01
   2.0500000e+02   3.1670787e-01
   2.1100000e+02   3.1339205e-01
   2.1700000e+02   3.0824046e-01
   2.2300000e+02   3.0327712e-01
   2.2900000e+02   2.9960290e-01
   2.3500000e+02   2.9680124e-01
   2.4100000e+02   2.9396338e-01
   2.4700000e+02   2.9060704e-01
   2.5300000e+02   2.8704997e-01
   2.5900000e+02   2.8437233e-01
   2.6500000e+02   2.8023990e-01
   2.7100000e+02   2.7760696e-01
   2.7700000e+02   2.7444245e-01
   2.8300000e+02   2.7091681e-01
   2.8900000e+02   2.6860676e-01
   2.9500000e+02   2.6605018e-01
   3.0100000e+02   2.6355084e-01
   3.0700000e+02   2.5969140e-01
   3.1300000e+02   2.5731890e-01
   3.1900000e+02   2.5485317e-01
   3.2500000e+02   2.5286348e-01
   3.3100000e+02   2.4958807e-01
   3.3700000e+02   2.4770094e-01
   3.4300000e+02   2.4473351e-01
   3.4900000e+02   2.4249706e-01
   3.5500000e+02   2.4068858e-01
   3.6100000e+02   2.3892969e-01
   3.6700000e+02   2.3692405e-01
   3.7300000e+02   2.3514637e-01
   3.7900000e+02   2.3285514e-01
   3.8500000e+02   2.3148485e-01
   3.9100000e+02   2.2976512e-01
   3.9700000e+02   2.2732059e-01
   4.0300000e+02   2.2517410e-01
   4.0900000e+02   2.2325521e-01
   4.1500000e+02   2.2158775e-01
   4.2100000e+02   2.2008392e-01
   4.2700000e+02   2.1879817e-01
   4.3300000e+02   2.1764972e-01
   4.3900000e+02   2.1567659e-01
   4.4500000e+02   2.1435569e-01
   4.5100000e+02   2.1319618e-01
   4.5700000e+02   2.1176183e-01
   4.6300000e+02   2.1048955e-01
   4.6900000e+02   2.0926566e-01
   4.7500000e+02   2.0773522e-01
   4.8100000e+02   2.0634676e-01
   4.8700000e+02   2.0500171e-01
   4.9300000e+02   2.0338292e-01
   4.9900000e+02   2.0243296e-01
   5.0500000e+02   2.0103479e-01
   5.1100000e+02   1.9972405e-01
   5.1700000e+02   1.9881436e-01
   5.2300000e+02   1.9756660e-01
   5.2900000e+02   1.9653518e-01
   5.3500000e+02   1.9509571e-01
   5.4100000e+02   1.9400627e-01
   5.4700000e+02   1.9223578e-01
   5.5300000e+02   1.9108544e-01
   5.5900000e+02   1.9013242e-01
   5.6500000e+02   1.8869258e-01
   5.7100000e+02   1.8756588e-01
   5.7700000e+02   1.8643711e-01
   5.8300000e+02   1.8522624e-01
   5.8900000e+02   1.8403497e-01
   5.9500000e+02   1.8312955e-01
   6.0100000e+02   1.8213859e-01
   6.0700000e+02   1.8125642e-01
   6.1300000e+02   1.8047892e-01
   6.1900000e+02   1.7959577e-01
   6.2500000e+02   1.7866621e-01
   6.3100000e+02   1.7752800e-01
   6.3700000e+02   1.7653059e-01
   6.4300000e+02   1.7561850e-01
   6.4900000e+02   1.7484188e-01
   6.5500000e+02   1.7399888e-01
   6.6100000e+02   1.7263034e-01
   6.6700000e+02   1.7134113e-01
   6.7300000e+02   1.7048370e-01
   6.7900000e+02   1.6964812e-01
   6.8500000e+02   1.6881851e-01
   6.9100000e+02   1.6812225e-01
   6.9700000e+02   1.6746669e-01
   7.0300000e+02   1.6655180e-01
   7.0900000e+02   1.6587643e-01
   7.1500000e+02   1.6506521e-01
   7.2100000e+02   1.6388245e-01
   7.2700000e+02   1.6307864e-01
   7.3300000e+02   1.6220847e-01
   7.3900000e+02   1.6134385e-01
   7.4500000e+02   1.6047926e-01
   7.5100000e+02   1.5988799e-01
   7.5700000e+02   1.5931222e-01
   7.6300000e+02   1.5876806e-01
   7.6900000e+02   1.5799146e-01
   7.7500000e+02   1.5721031e-01
   7.8100000e+02   1.5652185e-01
   7.8700000e+02   1.5583150e-01
   7.9300000e+02   1.5502934e-01
   7.9900000e+02   1.5443810e-01
   8.0500000e+02   1.5381055e-01
   8.1100000e+02   1.5310141e-01
   8.1700000e+02   1.5241266e-01
   8.2300000e+02   1.5160509e-01
   8.2900000e+02   1.5095731e-01
   8.3500000e+02   1.5007090e-01
   8.4100000e+02   1.4946983e-01
   8.4700000e+02   1.4885966e-01
   8.5300000e+02   1.4838731e-01
   8.5900000e+02   1.4772244e-01
   8.6500000e+02   1.4709427e-01
   8.7100000e+02   1.4654248e-01
   8.7700000e+02   1.4581093e-01
   8.8300000e+02   1.4525569e-01
   8.8900000e+02   1.4462325e-01
   8.9500000e+02   1.4400086e-01
   9.0100000e+02   1.4319015e-01
   9.0700000e+02   1.4242856e-01
   9.1300000e+02   1.4170852e-01
   9.1900000e+02   1.4122383e-01
   9.2500000e+02   1.4060060e-01
   9.3100000e+02   1.4007258e-01
   9.3700000e+02   1.3955360e-01
   9.4300000e+02   1.3898992e-01
   9.4900000e+02   1.3823918e-01
   9.5500000e+02   1.3755875e-01
   9.6100000e+02   1.3705304e-01
   9.6700000e+02   1.3640401e-01
   9.7300000e+02   1.3589456e-01
   9.7900000e+02   1.3538691e-01
   9.8500000e+02   1.3480954e-01
   9.9100000e+02   1.3437686e-01
   9.9700000e+02   1.3395749e-01
   1.0030000e+03   1.3340047e-01
   1.0090000e+03   1.3282129e-01
   1.0150000e+03   1.3233984e-01
   1.0210000e+03   1.3181355e-01
   1.0270000e+03   1.3127199e-01
   1.0330000e+03   1.3087058e-01
   1.0390000e+03   1.3030522e-01
   1.0450000e+03   1.2973332e-01
   1.0510000e+03   1.2915394e-01
   1.0570000e+03   1.2873681e-01
   1.0630000e+03   1.2828010e-01
   1.0690000e+03   1.2787270e-01
   1.0750000e+03   1.2734175e-01
   1.0810000e+03   1.2699771e-01
   1.0870000e+03   1.2651153e-01
   1.0930000e+03   1.2599380e-01
   1.0990000e+03   1.2558659e-01
   1.1050000e+03   1.2520925e-01
   1.1110000e+03   1.2483965e-01
   1.1170000e+03   1.2440248e-01
   1.1230000e+03   1.2400102e-01
   1.1290000e+03   1.2357644e-01
   1.1350000e+03   1.2297354e-01
   1.1410000e+03   1.2252779e-01
   1.1470000e+03   1.2194624e-01
   1.1530000e+03   1.2155832e-01
   1.1590000e+03   1.2100650e-01
   1.1650000e+03   1.2062453e-01
   1.1710000e+03   1.2019721e-01
   1.1770000e+03   1.1976279e-01
   1.1830000e+03   1.1931348e-01
   1.1890000e+03   1.1890808e-01
   1.1950000e+03   1.1847102e-01
   1.2010000e+03   1.1804855e-01
   1.2070000e+03   1.1764240e-01
   1.2130000e+03   1.1721351e-01
   1.2190000e+03   1.1673026e-01
   1.2250000e+03   1.1635876e-01
   1.2310000e+03   1.1597727e-01
   1.2370000e+03   1.1554418e-01
   1.2430000e+03   1.1515886e-01
   1.2490000e+03   1.1479870e-01
   1.2550000e+03   1.1446947e-01
   1.2610000e+03   1.1405499e-01
   1.2670000e+03   1.1366050e-01
   1.2730000e+03   1.1327520e-01
   1.2790000e+03   1.1283841e-01
   1.2850000e+03   1.1241816e-01
   1.2910000e+03   1.1197002e-01
   1.2970000e+03   1.1160479e-01
   1.3030000e+03   1.1129735e-01
   1.3090000e+03   1.1086219e-01
   1.3150000e+03   1.1049698e-01
   1.3210000e+03   1.1018826e-01
   1.3270000e+03   1.0974281e-01
   1.3330000e+03   1.0943337e-01
   1.3390000e+03   1.0910339e-01
   1.3450000e+03   1.0872600e-01
   1.3510000e+03   1.0840426e-01
   1.3570000e+03   1.0801885e-01
   1.3630000e+03   1.0758909e-01
   1.3690000e+03   1.0732650e-01
   1.3750000e+03   1.0693166e-01
   1.3810000e+03   1.0666911e-01
   1.3870000e+03   1.0634449e-01
   1.3930000e+03   1.0602983e-01
   1.3990000e+03   1.0568546e-01
   1.4050000e+03   1.0529990e-01
   1.4110000e+03   1.0497815e-01
   1.4170000e+03   1.0466354e-01
   1.4230000e+03   1.0440821e-01
   1.4290000e+03   1.0411372e-01
   1.4350000e+03   1.0374566e-01
   1.4410000e+03   1.0343019e-01
   1.4470000e+03   1.0317178e-01
   1.4530000e+03   1.0285917e-01
   1.4590000e+03   1.0255291e-01
   1.4650000e+03   1.0221204e-01
   1.4710000e+03   1.0195773e-01
   1.4770000e+03   1.0166069e-01
   1.4830000e+03   1.0138371e-01
   1.4890000e+03   1.0112946e-01
   1.4950000e+03   1.0079096e-01
   1.5010000e+03   1.0049748e-01
   1.5070000e+03   1.0015218e-01
   1.5130000e+03   9.9866812e-02
   1.5190000e+03   9.9472217e-02
   1.5250000e+03   9.9181071e-02
   1.5310000e+03   9.8907375e-02
   1.5370000e+03   9.8595360e-02
   1.5430000e+03   9.8266892e-02
   1.5490000e+03   9.7940674e-02
   1.5550000e+03   9.7674666e-02
   1.5610000e+03   9.7362451e-02
   1.5670000e+03   9.7075828e-02
   1.5730000e+03   9.6813571e-02
   1.5790000e+03   9.6567531e-02
   1.5850000e+03   9.6269681e-02
   1.5910000e+03   9.6030142e-02
   1.5970000e+03   9.5773279e-02
   1.6030000e+03   9.5505394e-02
   1.6090000e+03   9.5209120e-02
   1.6150000e+03   9.4956268e-02
   1.6210000e+03   9.4707208e-02
   1.6270000e+03   9.4494845e-02
   1.6330000e+03   9.4189293e-02
   1.6390000e+03   9.3908208e-02
   1.6450000e+03   9.3617999e-02
   1.6510000e+03   9.3324333e-02
   1.6570000e+03   9.3083290e-02
   1.6630000e+03   9.2818258e-02
   1.6690000e+03   9.2578370e-02
   1.6750000e+03   9.2339652e-02
   1.6810000e+03   9.2125480e-02
   1.6870000e+03   9.1886105e-02
   1.6930000e+03   9.1654563e-02
   1.6990000e+03   9.1373622e-02
   1.7050000e+03   9.1139946e-02
   1.7110000e+03   9.0889037e-02
   1.7170000e+03   9.0581358e-02
   1.7230000e+03   9.0350937e-02
   1.7290000e+03   9.0105759e-02
   1.7350000e+03   8.9827306e-02
   1.7410000e+03   8.9632389e-02
   1.7470000e+03   8.9353735e-02
   1.7530000e+03   8.9013908e-02
   1.7590000e+03   8.8766146e-02
   1.7650000e+03   8.8537219e-02
   1.7710000e+03   8.8244837e-02
   1.7770000e+03   8.8030898e-02
   1.7830000e+03   8.7842769e-02
   1.7890000e+03   8.7607834e-02
   1.7950000e+03   8.7376874e-02
   1.8010000e+03   8.7151456e-02
   1.8070000e+03   8.6903051e-02
   1.8130000e+03   8.6704458e-02
   1.8190000e+03   8.6460581e-02
   1.8250000e+03   8.6219889e-02
   1.8310000e+03   8.6044057e-02
   1.8370000e+03   8.5828886e-02
   1.8430000e+03   8.5618836e-02
   1.8490000e+03   8.5365214e-02
   1.8550000e+03   8.5141160e-02
   1.8610000e+03   8.4897018e-02
   1.8670000e+03   8.4698608e-02
   1.8730000e+03   8.4492778e-02
   1.8790000e+03   8.4285546e-02
   1.8850000e+03   8.3975971e-02
   1.8910000e+03   8.3751674e-02
   1.8970000e+03   8.3531170e-02
   1.9030000e+03   8.3305532e-02
   1.9090000e+03   8.3092697e-02
   1.9150000e+03   8.2930112e-02
   1.9210000e+03   8.2751729e-02
   1.9270000e+03   8.2557297e-02
   1.9330000e+03   8.2365915e-02
   1.9390000e+03   8.2178317e-02
   1.9450000e+03   8.1941188e-02
   1.9510000e+03   8.1657716e-02
   1.9570000e+03   8.1477355e-02
   1.9630000e+03   8.1256431e-02
   1.9690000e+03   8.1066664e-02
   1.9750000e+03   8.0853505e-02
   1.9810000e+03   8.0676418e-02
   1.9870000e+03   8.0491787e-02
   1.9930000e+03   8.0266233e-02
   1.9990000e+03   8.0046122e-02
   2.0050000e+03   7.9867992e-02
   2.0110000e+03   7.9670456e-02
   2.0170000e+03   7.9460753e-02
   2.0230000e+03   7.9291275e-02
   2.0290000e+03   7.9033816e-02
   2.0350000e+03   7.8860921e-02
   2.0410000e+03   7.8655008e-02
   2.0470000e+03   7.8433495e-02
   2.0530000e+03   7.8233435e-02
   2.0590000e+03   7.8064201e-02
   2.0650000e+03   7.7870471e-02
   2.0710000e+03   7.7721305e-02
   2.0770000e+03   7.7544771e-02
   2.0830000e+03   7.7313235e-02
   2.0890000e+03   7.7115827e-02
   2.0950000e+03   7.6921921e-02
   2.1010000e+03   7.6747901e-02
   2.1070000e+03   7.6571500e-02
   2.1130000e+03   7.6408434e-02
   2.1190000e+03   7.6232625e-02
   2.1250000e+03   7.6014726e-02
   2.1310000e+03   7.5813755e-02
   2.1370000e+03   7.5596495e-02
   2.1430000e+03   7.5392536e-02
   2.1490000e+03   7.5243400e-02
   2.1550000e+03   7.5044654e-02
   2.1610000e+03   7.4840010e-02
   2.1670000e+03   7.4660553e-02
   2.1730000e+03   7.4499129e-02
   2.1790000e+03   7.4342657e-02
   2.1850000e+03   7.4150395e-02
   2.1910000e+03   7.3950562e-02
   2.1970000e+03   7.3771408e-02
   2.2030000e+03   7.3625993e-02
   2.2090000e+03   7.3423103e-02
   2.2150000e+03   7.3227107e-02
   2.2210000e+03   7.3042909e-02
   2.2270000e+03   7.2889220e-02
   2.2330000e+03   7.2728989e-02
   2.2390000e+03   7.2564737e-02
   2.2450000e+03   7.2361364e-02
   2.2510000e+03   7.2174571e-02
   2.2570000e+03   7.2009656e-02
   2.2630000e+03   7.1843121e-02
   2.2690000e+03   7.1652292e-02
   2.2750000e+03   7.1462513e-02
   2.2810000e+03   7.1287459e-02
   2.2870000e+03   7.1102304e-02
   2.2930000e+03   7.0885457e-02
   2.2990000e+03   7.0758712e-02
   2.3050000e+03   7.0596220e-02
   2.3110000e+03   7.0410898e-02
   2.3170000e+03   7.0261196e-02
   2.3230000e+03   7.0127415e-02
   2.3290000e+03   6.9986465e-02
   2.3350000e+03   6.9800583e-02
   2.3410000e+03   6.9617298e-02
   2.3470000e+03   6.9476116e-02
   2.3530000e+03   6.9325371e-02
   2.3590000e+03   6.9196117e-02
   2.3650000e+03   6.9041124e-02
   2.3710000e+03   6.8891043e-02
   2.3770000e+03   6.8742558e-02
   2.3830000e+03   6.8592292e-02
   2.3890000e+03   6.8440931e-02
   2.3950000e+03   6.8294159e-02
   2.4010000e+03   6.8114698e-02
   2.4070000e+03   6.7983904e-02
   2.4130000e+03   6.7846942e-02
   2.4190000e+03   6.7671154e-02
   2.4250000e+03   6.7534471e-02
   2.4310000e+03   6.7367367e-02
   2.4370000e+03   6.7215449e-02
   2.4430000e+03   6.7020392e-02
   2.4490000e+03   6.6877587e-02
   2.4550000e+03   6.6731748e-02
   2.4610000e+03   6.6561154e-02
   2.4670000e+03   6.6426994e-02
   2.4730000e+03   6.6305826e-02
   2.4790000e+03   6.6176855e-02
   2.4850000e+03   6.6021681e-02
   2.4910000e+03   6.5869094e-02
   2.4970000e+03   6.5748024e-02
   2.5030000e+03   6.5592272e-02
   2.5090000e+03   6.5441366e-02
   2.5150000e+03   6.5309632e-02
   2.5210000e+03   6.5178398e-02
   2.5270000e+03   6.5035093e-02
   2.5330000e+03   6.4913417e-02
   2.5390000e+03   6.4765300e-02
   2.5450000e+03   6.4649056e-02
   2.5510000e+03   6.4509075e-02
   2.5570000e+03   6.4380084e-02
   2.5630000e+03   6.4224487e-02
   2.5690000e+03   6.4085877e-02
   2.5750000e+03   6.3944327e-02
   2.5810000e+03   6.3805737e-02
   2.5870000e+03   6.3649796e-02
   2.5930000e+03   6.3496335e-02
   2.5990000e+03   6.3334853e-02
   2.6050000e+03   6.3191429e-02
   2.6110000e+03   6.3058570e-02
   2.6170000e+03   6.2901143e-02
   2.6230000e+03   6.2770579e-02
   2.6290000e+03   6.2638818e-02
   2.6350000e+03   6.2529294e-02
   2.6410000e+03   6.2379929e-02
   2.6470000e+03   6.2241295e-02
   2.6530000e+03   6.2129240e-02
   2.6590000e+03   6.1992697e-02
   2.6650000e+03   6.1827475e-02
   2.6710000e+03   6.1682194e-02
   2.6770000e+03   6.1569590e-02
   2.6830000e+03   6.1462099e-02
   2.6890000e+03   6.1318831e-02
   2.6950000e+03   6.1209806e-02
   2.7010000e+03   6.1079469e-02
   2.7070000e+03   6.0932581e-02
   2.7130000e+03   6.0803151e-02
   2.7190000e+03   6.0670688e-02
   2.7250000e+03   6.0547697e-02
   2.7310000e+03   6.0408796e-02
   2.7370000e+03   6.0270394e-02
   2.7430000e+03   6.0148964e-02
   2.7490000e+03   6.0038850e-02
   2.7550000e+03   5.9891933e-02
   2.7610000e+03   5.9736855e-02
   2.7670000e+03   5.9610279e-02
   2.7730000e+03   5.9480442e-02
   2.7790000e+03   5.9355425e-02
   2.7850000e+03   5.9232672e-02
   2.7910000e+03   5.9125471e-02
   2.7970000e+03   5.9009647e-02
   2.8030000e+03   5.8893793e-02
   2.8090000e+03   5.8763389e-02
   2.8150000e+03   5.8638201e-02
   2.8210000e+03   5.8509520e-02
   2.8270000e+03   5.8392895e-02
   2.8330000e+03   5.8280549e-02
   2.8390000e+03   5.8176665e-02
   2.8450000e+03   5.8052411e-02
   2.8510000e+03   5.7939690e-02
   2.8570000e+03   5.7811417e-02
   2.8630000e+03   5.7708941e-02
   2.8690000e+03   5.7579444e-02
   2.8750000e+03   5.7469748e-02
   2.8810000e+03   5.7346484e-02
   2.8870000e+03   5.7236721e-02
   2.8930000e+03   5.7110499e-02
   2.8990000e+03   5.6974840e-02
   2.9050000e+03   5.6860211e-02
   2.9110000e+03   5.6731055e-02
   2.9170000e+03   5.6602834e-02
   2.9230000e+03   5.6504010e-02
   2.9290000e+03   5.6390720e-02
   2.9350000e+03   5.6280527e-02
   2.9410000e+03   5.6163125e-02
   2.9470000e+03   5.6044124e-02
   2.9530000e+03   5.5939130e-02
   2.9590000e+03   5.5818936e-02
   2.9650000e+03   5.5712579e-02
   2.9710000e+03   5.5606245e-02
   2.9770000e+03   5.5509862e-02
   2.9830000e+03   5.5380813e-02
   2.9890000e+03   5.5256886e-02
   2.9950000e+03   5.5134474e-02
   3.0010000e+03   5.4991181e-02
   3.0070000e+03   5.4886585e-02
   3.0130000e+03   5.4795219e-02
   3.0190000e+03   5.4684199e-02
   3.0250000e+03   5.4584522e-02
   3.0310000e+03   5.4468149e-02
   3.0370000e+03   5.4361628e-02
   3.0430000e+03   5.4265689e-02
   3.0490000e+03   5.4156648e-02
   3.0550000e+03   5.4050795e-02
   3.0610000e+03   5.3933607e-02
   3.0670000e+03   5.3823345e-02
   3.0730000e+03   5.3726535e-02
   3.0790000e+03   5.3630740e-02
   3.0850000e+03   5.3538035e-02
   3.0910000e+03   5.3415295e-02
   3.0970000e+03   5.3322606e-02
   3.1030000e+03   5.3215000e-02
   3.1090000e+03   5.3106541e-02
   3.1150000e+03   5.3001059e-02
   3.1210000e+03   5.2882766e-02
   3.1270000e+03   5.2791488e-02
   3.1330000e+03   5.2686793e-02
   3.1390000e+03   5.2591463e-02
   3.1450000e+03   5.2493382e-02
   3.1510000e+03   5.2379379e-02
   3.1570000e+03   5.2262290e-02
   3.1630000e+03   5.2149823e-02
   3.1690000e+03   5.2046784e-02
   3.1750000e+03   5.1958631e-02
   3.1810000e+03   5.1845691e-02
   3.1870000e+03   5.1762016e-02
   3.1930000e+03   5.1653662e-02
   3.1990000e+03   5.1556300e-02
   3.2050000e+03   5.1447336e-02
   3.2110000e+03   5.1347330e-02
   3.2170000e+03   5.1241228e-02
   3.2230000e+03   5.1148649e-02
   3.2290000e+03   5.1040291e-02
   3.2350000e+03   5.0945030e-02
   3.2410000e+03   5.0840729e-02
   3.2470000e+03   5.0733835e-02
   3.2530000e+03   5.0631373e-02
   3.2590000e+03   5.0528377e-02
   3.2650000e+03   5.0422579e-02
   3.2710000e+03   5.0334418e-02
   3.2770000e+03   5.0245651e-02
   3.2830000e+03   5.0153002e-02
   3.2890000e+03   5.0056856e-02
   3.2950000e+03   4.9954389e-02
   3.3010000e+03   4.9844371e-02
   3.3070000e+03   4.9760409e-02
   3.3130000e+03   4.9659195e-02
   3.3190000e+03   4.9561373e-02
   3.3250000e+03   4.9457657e-02
   3.3310000e+03   4.9353722e-02
   3.3370000e+03   4.9247534e-02
   3.3430000e+03   4.9152563e-02
   3.3490000e+03   4.9058065e-02
   3.3550000e+03   4.8957157e-02
   3.3610000e+03   4.8880337e-02
   3.3670000e+03   4.8766749e-02
   3.3730000e+03   4.8654894e-02
   3.3790000e+03   4.8551714e-02
   3.3850000e+03   4.8467860e-02
   3.3910000e+03   4.8361728e-02
   3.3970000e+03   4.8284787e-02
   3.4030000e+03   4.8197613e-02
   3.4090000e+03   4.8105293e-02
   3.4150000e+03   4.8019563e-02
   3.4210000e+03   4.7933922e-02
   3.4270000e+03   4.7841379e-02
   3.4330000e+03   4.7757981e-02
   3.4390000e+03   4.7668186e-02
   3.4450000e+03   4.7556906e-02
   3.4510000e+03   4.7458618e-02
   3.4570000e+03   4.7362527e-02
   3.4630000e+03   4.7278815e-02
   3.4690000e+03   4.7188374e-02
   3.4750000e+03   4.7103523e-02
   3.4810000e+03   4.7007071e-02
   3.4870000e+03   4.6914278e-02
   3.4930000e+03   4.6816975e-02
   3.4990000e+03   4.6736925e-02
   3.5050000e+03   4.6640083e-02
   3.5110000e+03   4.6555572e-02
   3.5170000e+03   4.6472902e-02
   3.5230000e+03   4.6394527e-02
   3.5290000e+03   4.6317198e-02
   3.5350000e+03   4.6204863e-02
   3.5410000e+03   4.6119252e-02
   3.5470000e+03   4.6021325e-02
   3.5530000e+03   4.5936640e-02
   3.5590000e+03   4.5844281e-02
   3.5650000e+03   4.5757863e-02
   3.5710000e+03   4.5676643e-02
   3.5770000e+03   4.5601079e-02
   3.5830000e+03   4.5512206e-02
   3.5890000e+03   4.5424330e-02
   3.5950000e+03   4.5339384e-02
   3.6010000e+03   4.5261974e-02
   3.6070000e+03   4.5167138e-02
   3.6130000e+03   4.5082908e-02
   3.6190000e+03   4.5003381e-02
   3.6250000e+03   4.4917602e-02
   3.6310000e+03   4.4828999e-02
   3.6370000e+03   4.4743086e-02
   3.6430000e+03   4.4664596e-02
   3.6490000e+03   4.4581920e-02
   3.6550000e+03   4.4503126e-02
   3.6610000e+03   4.4421025e-02
   3.6670000e+03   4.4343483e-02
   3.6730000e+03   4.4263033e-02
   3.6790000e+03   4.4194879e-02
   3.6850000e+03   4.4098220e-02
   3.6910000e+03   4.4020480e-02
   3.6970000e+03   4.3936958e-02
   3.7030000e+03   4.3857240e-02
   3.7090000e+03   4.3780265e-02
   3.7150000e+03   4.3700297e-02
   3.7210000e+03   4.3625836e-02
   3.7270000e+03   4.3554272e-02
   3.7330000e+03   4.3486514e-02
   3.7390000e+03   4.3400117e-02
   3.7450000e+03   4.3309922e-02
   3.7510000e+03   4.3234526e-02
   3.7570000e+03   4.3159392e-02
   3.7630000e+03   4.3076955e-02
   3.7690000e+03   4.3002916e-02
   3.7750000e+03   4.2923813e-02
   3.7810000e+03   4.2849955e-02
   3.7870000e+03   4.2778089e-02
   3.7930000e+03   4.2698116e-02
   3.7990000e+03   4.2626485e-02
   3.8050000e+03   4.2537427e-02
   3.8110000e+03   4.2437964e-02
   3.8170000e+03   4.2348398e-02
   3.8230000e+03   4.2268221e-02
   3.8290000e+03   4.2189687e-02
   3.8350000e+03   4.2108771e-02
   3.8410000e+03   4.2029588e-02
   3.8470000e+03   4.1956765e-02
   3.8530000e+03   4.1876678e-02
   3.8590000e+03   4.1793399e-02
   3.8650000e+03   4.1720930e-02
   3.8710000e+03   4.1648160e-02
   3.8770000e+03   4.1569717e-02
   3.8830000e+03   4.1498710e-02
   3.8890000e+03   4.1414762e-02
   3.8950000e+03   4.1350194e-02
   3.9010000e+03   4.1277475e-02
   3.9070000e+03   4.1208778e-02
   3.9130000e+03   4.1138799e-02
   3.9190000e+03   4.1061533e-02
   3.9250000e+03   4.0988707e-02
   3.9310000e+03   4.0913642e-02
   3.9370000e+03   4.0829034e-02
   3.9430000e+03   4.0754700e-02
   3.9490000e+03   4.0688259e-02
   3.9550000e+03   4.0621917e-02
   3.9610000e+03   4.0550323e-02
   3.9670000e+03   4.0456144e-02
   3.9730000e+03   4.0387354e-02
   3.9790000e+03   4.0315368e-02
   3.9850000e+03   4.0252817e-02
   3.9910000e+03   4.0183012e-02
   3.9970000e+03   4.0107147e-02
   4.0030000e+03   4.0034459e-02
   4.0090000e+03   3.9966983e-02
   4.0150000e+03   3.9899093e-02
   4.0210000e+03   3.9830076e-02
   4.0270000e+03   3.9751479e-02
   4.0330000e+03   3.9671353e-02
   4.0390000e+03   3.9604620e-02
   4.0450000e+03   3.9545015e-02
   4.0510000e+03   3.9473191e-02
   4.0570000e+03   3.9400655e-02
   4.0630000e+03   3.9337664e-02
   4.0690000e+03   3.9275864e-02
   4.0750000e+03   3.9203678e-02
   4.0810000e+03   3.9122389e-02
   4.0870000e+03   3.9060031e-02
   4.0930000e+03   3.8993393e-02
   4.0990000e+03   3.8916465e-02
   4.1050000e+03   3.8835893e-02
   4.1110000e+03   3.8766910e-02
   4.1170000e+03   3.8692603e-02
   4.1230000e+03   3.8617462e-02
   4.1290000e+03   3.8546850e-02
   4.1350000e+03   3.8478578e-02
   4.1410000e+03   3.8410297e-02
   4.1470000e+03   3.8343023e-02
   4.1530000e+03   3.8271118e-02
   4.1590000e+03   3.8206599e-02
   4.1650000e+03   3.8150554e-02
   4.1710000e+03   3.8082852e-02
   4.1770000e+03   3.8009222e-02
   4.1830000e+03   3.7934485e-02
   4.1890000e+03   3.7870131e-02
   4.1950000e+03   3.7802167e-02
   4.2010000e+03   3.7741313e-02
   4.2070000e+03   3.7666464e-02
   4.2130000e+03   3.7588673e-02
   4.2190000e+03   3.7524803e-02
   4.2250000e+03   3.7465252e-02
   4.2310000e+03   3.7400365e-02
   4.2370000e+03   3.7326661e-02
   4.2430000e+03   3.7271962e-02
   4.2490000e+03   3.7197928e-02
   4.2550000e+03   3.7139321e-02
   4.2610000e+03   3.7074772e-02
   4.2670000e+03   3.7015009e-02
   4.2730000e+03   3.6947045e-02
   4.2790000e+03   3.6872782e-02
   4.2850000e+03   3.6804763e-02
   4.2910000e+03   3.6719808e-02
   4.2970000e+03   3.6656907e-02
   4.3030000e+03   3.6589585e-02
   4.3090000e+03   3.6521882e-02
   4.3150000e+03   3.6443583e-02
   4.3210000e+03   3.6389392e-02
   4.3270000e+03   3.6333779e-02
   4.3330000e+03   3.6263288e-02
   4.3390000e+03   3.6202586e-02
   4.3450000e+03   3.6135000e-02
   4.3510000e+03   3.6070600e-02
   4.3570000e+03   3.6011132e-02
   4.3630000e+03   3.5946893e-02
   4.3690000e+03   3.5889082e-02
   4.3750000e+03   3.5816756e-02
   4.3810000e+03   3.5750693e-02
   4.3870000e+03   3.5693942e-02
   4.3930000e+03   3.5625168e-02
   4.3990000e+03   3.5557016e-02
   4.4050000e+03   3.5485969e-02
   4.4110000e+03   3.5432801e-02
   4.4170000e+03   3.5366901e-02
   4.4230000e+03   3.5306680e-02
   4.4290000e+03   3.5244965e-02
   4.4350000e+03   3.5187558e-02
   4.4410000e+03   3.5126199e-02
   4.4470000e+03   3.5056395e-02
   4.4530000e+03   3.4986792e-02
   4.4590000e+03   3.4929938e-02
   4.4650000e+03   3.4866079e-02
   4.4710000e+03   3.4798095e-02
   4.4770000e+03   3.4733534e-02
   4.4830000e+03   3.4674268e-02
   4.4890000e+03   3.4621395e-02
   4.4950000e+03   3.4559158e-02
   4.5010000e+03   3.4503165e-02
   4.5070000e+03   3.4445296e-02
   4.5130000e+03   3.4381334e-02
   4.5190000e+03   3.4315491e-02
   4.5250000e+03   3.4249957e-02
   4.5310000e+03   3.4183601e-02
   4.5370000e+03   3.4114760e-02
   4.5430000e+03   3.4047902e-02
   4.5490000e+03   3.3988879e-02
   4.5550000e+03   3.3937958e-02
   4.5610000e+03   3.3886001e-02
   4.5670000e+03   3.3821557e-02
   4.5730000e+03   3.3759571e-02
   4.5790000e+03   3.3696897e-02
   4.5850000e+03   3.3625070e-02
   4.5910000e+03   3.3568248e-02
   4.5970000e+03   3.3508423e-02
   4.6030000e+03   3.3454947e-02
   4.6090000e+03   3.3398325e-02
   4.6150000e+03   3.3335090e-02
   4.6210000e+03   3.3279443e-02
   4.6270000e+03   3.3215198e-02
   4.6330000e+03   3.3158506e-02
   4.6390000e+03   3.3099728e-02
   4.6450000e+03   3.3040393e-02
   4.6510000e+03   3.2980446e-02
   4.6570000e+03   3.2922324e-02
   4.6630000e+03   3.2865729e-02
   4.6690000e+03   3.2810973e-02
   4.6750000e+03   3.2758647e-02
   4.6810000e+03   3.2704838e-02
   4.6870000e+03   3.2652055e-02
   4.6930000e+03   3.2593038e-02
   4.6990000e+03   3.2533516e-02
   4.7050000e+03   3.2471883e-02
   4.7110000e+03   3.2417345e-02
   4.7170000e+03   3.2364617e-02
   4.7230000e+03   3.2307134e-02
   4.7290000e+03   3.2249430e-02
   4.7350000e+03   3.2197169e-02
   4.7410000e+03   3.2146545e-02
   4.7470000e+03   3.2079634e-02
   4.7530000e+03   3.2029152e-02
   4.7590000e+03   3.1974809e-02
   4.7650000e+03   3.1923936e-02
   4.7710000e+03   3.1867110e-02
   4.7770000e+03   3.1814133e-02
   4.7830000e+03   3.1758113e-02
   4.7890000e+03   3.1707009e-02
   4.7950000e+03   3.1652565e-02
   4.8010000e+03   3.1596924e-02
   4.8070000e+03   3.1542364e-02
   4.8130000e+03   3.1484693e-02
   4.8190000e+03   3.1435167e-02
   4.8250000e+03   3.1381136e-02
   4.8310000e+03   3.1312690e-02
   4.8370000e+03   3.1258790e-02
   4.8430000e+03   3.1196923e-02
   4.8490000e+03   3.1113101e-02
   4.8550000e+03   3.1069405e-02
   4.8610000e+03   3.1022732e-02
   4.8670000e+03   3.0974726e-02
   4.8730000e+03   3.0924998e-02
   4.8790000e+03   3.0869164e-02
   4.8850000e+03   3.0813468e-02
   4.8910000e+03   3.0764626e-02
   4.8970000e+03   3.0714179e-02
   4.9030000e+03   3.0656313e-02
   4.9090000e+03   3.0605584e-02
   4.9150000e+03   3.0555075e-02
   4.9210000e+03   3.0504839e-02
   4.9270000e+03   3.0444510e-02
   4.9330000e+03   3.0381326e-02
   4.9390000e+03   3.0332239e-02
   4.9450000e+03   3.0280143e-02
   4.9510000e+03   3.0232380e-02
   4.9570000e+03   3.0182625e-02
   4.9630000e+03   3.0125877e-02
   4.9690000e+03   3.0075937e-02
   4.9750000e+03   3.0019671e-02
   4.9810000e+03   2.9971932e-02
   4.9870000e+03   2.9919435e-02
   4.9930000e+03   2.9865110e-02
   4.9990000e+03   2.9813735e-02
   5.0050000e+03   2.9764736e-02
   5.0110000e+03   2.9714288e-02
   5.0170000e+03   2.9669360e-02
   5.0230000e+03   2.9619686e-02
   5.0290000e+03   2.9560221e-02
   5.0350000e+03   2.9514225e-02
   5.0410000e+03   2.9462555e-02
   5.0470000e+03   2.9404691e-02
   5.0530000e+03   2.9348812e-02
   5.0590000e+03   2.9296094e-02
   5.0650000e+03   2.9244972e-02
   5.0710000e+03   2.9193419e-02
   5.0770000e+03   2.9145049e-02
   5.0830000e+03   2.9094212e-02
   5.0890000e+03   2.9051196e-02
   5.0950000e+03   2.8999502e-02
   5.1010000e+03   2.8957742e-02
   5.1070000e+03   2.8910960e-02
   5.1130000e+03   2.8861722e-02
   5.1190000e+03   2.8819280e-02
   5.1250000e+03   2.8768388e-02
   5.1310000e+03   2.8721843e-02
   5.1370000e+03   2.8677584e-02
   5.1430000e+03   2.8633737e-02
   5.1490000e+03   2.8585180e-02
   5.1550000e+03   2.8535713e-02
   5.1610000e+03   2.8481050e-02
   5.1670000e+03   2.8434086e-02
   5.1730000e+03   2.8391371e-02
   5.1790000e+03   2.8343769e-02
   5.1850000e+03   2.8295942e-02
   5.1910000e+03   2.8247738e-02
   5.1970000e+03   2.8201705e-02
   5.2030000e+03   2.8145432e-02
   5.2090000e+03   2.8095819e-02
   5.2150000e+03   2.8045886e-02
   5.2210000e+03   2.7994095e-02
   5.2270000e+03   2.7948814e-02
   5.2330000e+03   2.7901743e-02
   5.2390000e+03   2.7855486e-02
   5.2450000e+03   2.7807970e-02
   5.2510000e+03   2.7763439e-02
   5.2570000e+03   2.7714776e-02
   5.2630000e+03   2.7664162e-02
   5.2690000e+03   2.7609177e-02
   5.2750000e+03   2.7564612e-02
   5.2810000e+03   2.7523602e-02
   5.2870000e+03   2.7472805e-02
   5.2930000e+03   2.7423854e-02
   5.2990000e+03   2.7374386e-02
   5.3050000e+03   2.7320301e-02
   5.3110000e+03   2.7279536e-02
   5.3170000e+03   2.7227682e-02
   5.3230000e+03   2.7181706e-02
   5.3290000e+03   2.7139171e-02
   5.3350000e+03   2.7092555e-02
   5.3410000e+03   2.7041722e-02
   5.3470000e+03   2.6993950e-02
   5.3530000e+03   2.6953092e-02
   5.3590000e+03   2.6906870e-02
   5.3650000e+03   2.6856708e-02
   5.3710000e+03   2.6810626e-02
   5.3770000e+03   2.6766910e-02
   5.3830000e+03   2.6725013e-02
   5.3890000e+03   2.6676486e-02
   5.3950000e+03   2.6636865e-02
   5.4010000e+03   2.6594893e-02
   5.4070000e+03   2.6547797e-02
   5.4130000e+03   2.6505144e-02
   5.4190000e+03   2.6458420e-02
   5.4250000e+03   2.6416481e-02
   5.4310000e+03   2.6373359e-02
   5.4370000e+03   2.6324362e-02
   5.4430000e+03   2.6277241e-02
   5.4490000e+03   2.6231145e-02
   5.4550000e+03   2.6184336e-02
   5.4610000e+03   2.6141651e-02
   5.4670000e+03   2.6095539e-02
   5.4730000e+03   2.6054418e-02
   5.4790000e+03   2.6002736e-02
   5.4850000e+03   2.5962460e-02
   5.4910000e+03   2.5918919e-02
   5.4970000e+03   2.5876941e-02
   5.5030000e+03   2.5831037e-02
   5.5090000e+03   2.5785558e-02
   5.5150000e+03   2.5740433e-02
   5.5210000e+03   2.5697249e-02
   5.5270000e+03   2.5655733e-02
   5.5330000e+03   2.5610038e-02
   5.5390000e+03   2.5567907e-02
   5.5450000e+03   2.5528251e-02
   5.5510000e+03   2.5489838e-02
   5.5570000e+03   2.5448414e-02
   5.5630000e+03   2.5398262e-02
   5.5690000e+03   2.5356782e-02
   5.5750000e+03   2.5315167e-02
   5.5810000e+03   2.5272354e-02
   5.5870000e+03   2.5231795e-02
   5.5930000e+03   2.5190731e-02
   5.5990000e+03   2.5147307e-02
   5.6050000e+03   2.5106994e-02
   5.6110000e+03   2.5061490e-02
   5.6170000e+03   2.5019338e-02
   5.6230000e+03   2.4981292e-02
   5.6290000e+03   2.4941043e-02
   5.6350000e+03   2.4899559e-02
   5.6410000e+03   2.4856668e-02
   5.6470000e+03   2.4817063e-02
   5.6530000e+03   2.4776930e-02
   5.6590000e+03   2.4735560e-02
   5.6650000e+03   2.4696070e-02
   5.6710000e+03   2.4653132e-02
   5.6770000e+03   2.4611034e-02
   5.6830000e+03   2.4568883e-02
   5.6890000e+03   2.4526692e-02
   5.6950000e+03   2.4485599e-02
   5.7010000e+03   2.4448774e-02
   5.7070000e+03   2.4402977e-02
   5.7130000e+03   2.4359120e-02
   5.7190000e+03   2.4322795e-02
   5.7250000e+03   2.4279114e-02
   5.7310000e+03   2.4237052e-02
   5.7370000e+03   2.4197237e-02
   5.7430000e+03   2.4158364e-02
   5.7490000e+03   2.4118349e-02
   5.7550000e+03   2.4079867e-02
   5.7610000e+03   2.4037982e-02
   5.7670000e+03   2.3993592e-02
   5.7730000e+03   2.3954553e-02
   5.7790000e+03   2.3911060e-02
   5.7850000e+03   2.3871378e-02
   5.7910000e+03   2.3828973e-02
   5.7970000e+03   2.3787510e-02
   5.8030000e+03   2.3747834e-02
   5.8090000e+03   2.3708227e-02
   5.8150000e+03   2.3661792e-02
   5.8210000e+03   2.3624067e-02
   5.8270000e+03   2.3582286e-02
   5.8330000e+03   2.3539681e-02
   5.8390000e+03   2.3502164e-02
   5.8450000e+03   2.3463614e-02
   5.8510000e+03   2.3422430e-02
   5.8570000e+03   2.3383122e-02
   5.8630000e+03   2.3342763e-02
   5.8690000e+03   2.3302036e-02
   5.8750000e+03   2.3262798e-02
   5.8810000e+03   2.3221621e-02
   5.8870000e+03   2.3181872e-02
   5.8930000e+03   2.3145120e-02
   5.8990000e+03   2.3106371e-02
   5.9050000e+03   2.3069149e-02
   5.9110000e+03   2.3029634e-02
   5.9170000e+03   2.2992378e-02
   5.9230000e+03   2.2951563e-02
   5.9290000e+03   2.2912114e-02
   5.9350000e+03   2.2871279e-02
   5.9410000e+03   2.2823625e-02
   5.9470000e+03   2.2788174e-02
   5.9530000e+03   2.2751984e-02
   5.9590000e+03   2.2710522e-02
   5.9650000e+03   2.2677222e-02
   5.9710000e+03   2.2634736e-02
   5.9770000e+03   2.2595080e-02
   5.9830000e+03   2.2557448e-02
   5.9890000e+03   2.2519004e-02
   5.9950000e+03   2.2479455e-02
   6.0010000e+03   2.2439296e-02
   6.0070000e+03   2.2403853e-02
   6.0130000e+03   2.2365930e-02
   6.0190000e+03   2.2331233e-02
   6.0250000e+03   2.2291489e-02
   6.0310000e+03   2.2255704e-02
   6.0370000e+03   2.2223222e-02
   6.0430000e+03   2.2177908e-02
   6.0490000e+03   2.2140026e-02
   6.0550000e+03   2.2106083e-02
   6.0610000e+03   2.2067458e-02
   6.0670000e+03   2.2029499e-02
   6.0730000e+03   2.1993631e-02
   6.0790000e+03   2.1950562e-02
   6.0850000e+03   2.1916505e-02
   6.0910000e+03   2.1879162e-02
   6.0970000e+03   2.1845777e-02
   6.1030000e+03   2.1807852e-02
   6.1090000e+03   2.1773015e-02
   6.1150000e+03   2.1738009e-02
   6.1210000e+03   2.1701216e-02
   6.1270000e+03   2.1660344e-02
   6.1330000e+03   2.1622554e-02
   6.1390000e+03   2.1589533e-02
   6.1450000e+03   2.1551397e-02
   6.1510000e+03   2.1515902e-02
   6.1570000e+03   2.1476986e-02
   6.1630000e+03   2.1443760e-02
   6.1690000e+03   2.1410782e-02
   6.1750000e+03   2.1372103e-02
   6.1810000e+03   2.1338405e-02
   6.1870000e+03   2.1308034e-02
   6.1930000e+03   2.1270677e-02
   6.1990000e+03   2.1232615e-02
   6.2050000e+03   2.1198432e-02
   6.2110000e+03   2.1164735e-02
   6.2170000e+03   2.1131698e-02
   6.2230000e+03   2.1092633e-02
   6.2290000e+03   2.1057816e-02
   6.2350000e+03   2.1024729e-02
   6.2410000e+03   2.0988082e-02
   6.2470000e+03   2.0953334e-02
   6.2530000e+03   2.0917559e-02
   6.2590000e+03   2.0884586e-02
   6.2650000e+03   2.0850899e-02
   6.2710000e+03   2.0811586e-02
   6.2770000e+03   2.0777789e-02
   6.2830000e+03   2.0743118e-02
   6.2890000e+03   2.0705550e-02
   6.2950000e+03   2.0667661e-02
   6.3010000e+03   2.0632607e-02
   6.3070000e+03   2.0599756e-02
   6.3130000e+03   2.0562037e-02
   6.3190000e+03   2.0529083e-02
   6.3250000e+03   2.0496763e-02
   6.3310000e+03   2.0463406e-02
   6.3370000e+03   2.0431643e-02
   6.3430000e+03   2.0398450e-02
   6.3490000e+03   2.0356587e-02
   6.3550000e+03   2.0324373e-02
   6.3610000e+03   2.0288569e-02
   6.3670000e+03   2.0251645e-02
   6.3730000e+03   2.0218532e-02
   6.3790000e+03   2.0182160e-02
   6.3850000e+03   2.0146831e-02
   6.3910000e+03   2.0113092e-02
   6.3970000e+03   2.0077361e-02
   6.4030000e+03   2.0045642e-02
   6.4090000e+03   2.0009564e-02
   6.4150000e+03   1.9977235e-02
   6.4210000e+03   1.9940764e-02
   6.4270000e+03   1.9907063e-02
   6.4330000e+03   1.9872084e-02
   6.4390000e+03   1.9842027e-02
   6.4450000e+03   1.9811321e-02
   6.4510000e+03   1.9779637e-02
   6.4570000e+03   1.9746477e-02
   6.4630000e+03   1.9712338e-02
   6.4690000e+03   1.9682524e-02
   6.4750000e+03   1.9648888e-02
   6.4810000e+03   1.9616471e-02
   6.4870000e+03   1.9584036e-02
   6.4930000e+03   1.9551040e-02
   6.4990000e+03   1.9517410e-02
   6.5050000e+03   1.9486692e-02
   6.5110000e+03   1.9448721e-02
   6.5170000e+03   1.9415750e-02
   6.5230000e+03   1.9383266e-02
   6.5290000e+03   1.9348139e-02
   6.5350000e+03   1.9315310e-02
   6.5410000e+03   1.9283965e-02
   6.5470000e+03   1.9244989e-02
   6.5530000e+03   1.9210112e-02
   6.5590000e+03   1.9177296e-02
   6.5650000e+03   1.9144678e-02
   6.5710000e+03   1.9110473e-02
   6.5770000e+03   1.9080575e-02
   6.5830000e+03   1.9048720e-02
   6.5890000e+03   1.9014635e-02
   6.5950000e+03   1.8984857e-02
   6.6010000e+03   1.8948657e-02
   6.6070000e+03   1.8915964e-02
   6.6130000e+03   1.8882524e-02
   6.6190000e+03   1.8855229e-02
   6.6250000e+03   1.8818950e-02
   6.6310000e+03   1.8787616e-02
   6.6370000e+03   1.8755904e-02
   6.6430000e+03   1.8723169e-02
   6.6490000e+03   1.8686808e-02
   6.6550000e+03   1.8657081e-02
   6.6610000e+03   1.8628266e-02
   6.6670000e+03   1.8599444e-02
   6.6730000e+03   1.8567265e-02
   6.6790000e+03   1.8537917e-02
   6.6850000e+03   1.8507488e-02
   6.6910000e+03   1.8476926e-02
   6.6970000e+03   1.8445746e-02
   6.7030000e+03   1.8415641e-02
   6.7090000e+03   1.8384686e-02
   6.7150000e+03   1.8355056e-02
   6.7210000e+03   1.8324231e-02
   6.7270000e+03   1.8293471e-02
   6.7330000e+03   1.8264363e-02
   6.7390000e+03   1.8233310e-02
   6.7450000e+03   1.8203231e-02
   6.7510000e+03   1.8170098e-02
   6.7570000e+03   1.8141967e-02
   6.7630000e+03   1.8112043e-02
   6.7690000e+03   1.8081673e-02
   6.7750000e+03   1.8046059e-02
   6.7810000e+03   1.8016319e-02
   6.7870000e+03   1.7983801e-02
   6.7930000e+03   1.7956239e-02
   6.7990000e+03   1.7927661e-02
   6.8050000e+03   1.7900007e-02
   6.8110000e+03   1.7868551e-02
   6.8170000e+03   1.7839717e-02
   6.8230000e+03   1.7810900e-02
   6.8290000e+03   1.7779259e-02
   6.8350000e+03   1.7744186e-02
   6.8410000e+03   1.7715248e-02
   6.8470000e+03   1.7686348e-02
   6.8530000e+03   1.7655245e-02
   6.8590000e+03   1.7625625e-02
   6.8650000e+03   1.7597924e-02
   6.8710000e+03   1.7569735e-02
   6.8770000e+03   1.7539951e-02
   6.8830000e+03   1.7507990e-02
   6.8890000e+03   1.7479152e-02
   6.8950000e+03   1.7448130e-02
   6.9010000e+03   1.7421672e-02
   6.9070000e+03   1.7389959e-02
   6.9130000e+03   1.7360213e-02
   6.9190000e+03   1.7330861e-02
   6.9250000e+03   1.7301620e-02
   6.9310000e+03   1.7272596e-02
   6.9370000e+03   1.7239923e-02
   6.9430000e+03   1.7207508e-02
   6.9490000e+03   1.7176870e-02
   6.9550000e+03   1.7147848e-02
   6.9610000e+03   1.7118623e-02
   6.9670000e+03   1.7090666e-02
   6.9730000e+03   1.7060452e-02
   6.9790000e+03   1.7026971e-02
   6.9850000e+03   1.6998225e-02
   6.9910000e+03   1.6968796e-02
   6.9970000e+03   1.6935642e-02
   7.0030000e+03   1.6908317e-02
   7.0090000e+03   1.6879855e-02
   7.0150000e+03   1.6850741e-02
   7.0210000e+03   1.6819192e-02
   7.0270000e+03   1.6790632e-02
   7.0330000e+03   1.6761245e-02
   7.0390000e+03   1.6732029e-02
   7.0450000e+03   1.6702958e-02
   7.0510000e+03   1.6674511e-02
   7.0570000e+03   1.6646732e-02
   7.0630000e+03   1.6620982e-02
   7.0690000e+03   1.6592845e-02
   7.0750000e+03   1.6565418e-02
   7.0810000e+03   1.6536953e-02
   7.0870000e+03   1.6511068e-02
   7.0930000e+03   1.6479943e-02
   7.0990000e+03   1.6451576e-02
   7.1050000e+03   1.6423106e-02
   7.1110000e+03   1.6394352e-02
   7.1170000e+03   1.6365539e-02
   7.1230000e+03   1.6334721e-02
   7.1290000e+03   1.6307148e-02
   7.1350000e+03   1.6279663e-02
   7.1410000e+03   1.6253596e-02
   7.1470000e+03   1.6225245e-02
   7.1530000e+03   1.6197278e-02
   7.1590000e+03   1.6167451e-02
   7.1650000e+03   1.6133980e-02
   7.1710000e+03   1.6107730e-02
   7.1770000e+03   1.6078284e-02
   7.1830000e+03   1.6050027e-02
   7.1890000e+03   1.6025628e-02
   7.1950000e+03   1.5996988e-02
   7.2010000e+03   1.5970061e-02
   7.2070000e+03   1.5943191e-02
   7.2130000e+03   1.5916530e-02
   7.2190000e+03   1.5890379e-02
   7.2250000e+03   1.5863519e-02
   7.2310000e+03   1.5833791e-02
   7.2370000e+03   1.5810122e-02
   7.2430000e+03   1.5782986e-02
   7.2490000e+03   1.5757043e-02
   7.2550000e+03   1.5730919e-02
   7.2610000e+03   1.5703668e-02
   7.2670000e+03   1.5677072e-02
   7.2730000e+03   1.5651953e-02
   7.2790000e+03   1.5625338e-02
   7.2850000e+03   1.5598863e-02
   7.2910000e+03   1.5569562e-02
   7.2970000e+03   1.5544393e-02
   7.3030000e+03   1.5518385e-02
   7.3090000e+03   1.5486671e-02
   7.3150000e+03   1.5457254e-02
   7.3210000e+03   1.5430695e-02
   7.3270000e+03   1.5405637e-02
   7.3330000e+03   1.5380186e-02
   7.3390000e+03   1.5355451e-02
   7.3450000e+03   1.5327198e-02
   7.3510000e+03   1.5301963e-02
   7.3570000e+03   1.5275406e-02
   7.3630000e+03   1.5249857e-02
   7.3690000e+03   1.5220915e-02
   7.3750000e+03   1.5194487e-02
   7.3810000e+03   1.5169698e-02
   7.3870000e+03   1.5137636e-02
   7.3930000e+03   1.5111889e-02
   7.3990000e+03   1.5085159e-02
   7.4050000e+03   1.5059808e-02
   7.4110000e+03   1.5032913e-02
   7.4170000e+03   1.5009095e-02
   7.4230000e+03   1.4984557e-02
   7.4290000e+03   1.4952744e-02
   7.4350000e+03   1.4927980e-02
   7.4410000e+03   1.4902609e-02
   7.4470000e+03   1.4879228e-02
   7.4530000e+03   1.4852710e-02
   7.4590000e+03   1.4828748e-02
   7.4650000e+03   1.4803017e-02
   7.4710000e+03   1.4776530e-02
   7.4770000e+03   1.4751065e-02
   7.4830000e+03   1.4724234e-02
   7.4890000e+03   1.4699863e-02
   7.4950000e+03   1.4673810e-02
   7.5010000e+03   1.4646379e-02
   7.5070000e+03   1.4620812e-02
   7.5130000e+03   1.4595309e-02
   7.5190000e+03   1.4564310e-02
   7.5250000e+03   1.4538424e-02
   7.5310000e+03   1.4514347e-02
   7.5370000e+03   1.4490638e-02
   7.5430000e+03   1.4467602e-02
   7.5490000e+03   1.4440439e-02
   7.5550000e+03   1.4413676e-02
   7.5610000e+03   1.4389451e-02
   7.5670000e+03   1.4366256e-02
   7.5730000e+03   1.4342416e-02
   7.5790000e+03   1.4316071e-02
   7.5850000e+03   1.4291784e-02
   7.5910000e+03   1.4265966e-02
   7.5970000e+03   1.4240699e-02
   7.6030000e+03   1.4215724e-02
   7.6090000e+03   1.4188593e-02
   7.6150000e+03   1.4164906e-02
   7.6210000e+03   1.4139287e-02
   7.6270000e+03   1.4114569e-02
   7.6330000e+03   1.4088229e-02
   7.6390000e+03   1.4063621e-02
   7.6450000e+03   1.4039275e-02
   7.6510000e+03   1.4014678e-02
   7.6570000e+03   1.3990362e-02
   7.6630000e+03   1.3967274e-02
   7.6690000e+03   1.3942719e-02
   7.6750000e+03   1.3917711e-02
   7.6810000e+03   1.3891343e-02
   7.6870000e+03   1.3867665e-02
   7.6930000e+03   1.3844281e-02
   7.6990000e+03   1.3820743e-02
   7.7050000e+03   1.3796349e-02
   7.7110000e+03   1.3769360e-02
   7.7170000e+03   1.3745406e-02
   7.7230000e+03   1.3721606e-02
   7.7290000e+03   1.3698836e-02
   7.7350000e+03   1.3673255e-02
   7.7410000e+03   1.3647631e-02
   7.7470000e+03   1.3621349e-02
   7.7530000e+03   1.3597000e-02
   7.7590000e+03   1.3571585e-02
   7.7650000e+03   1.3549558e-02
   7.7710000e+03   1.3526536e-02
   7.7770000e+03   1.3501720e-02
   7.7830000e+03   1.3478032e-02
   7.7890000e+03   1.3455449e-02
   7.7950000e+03   1.3429792e-02
   7.8010000e+03   1.3404786e-02
   7.8070000e+03   1.3380609e-02
   7.8130000e+03   1.3359102e-02
   7.8190000e+03   1.3335594e-02
   7.8250000e+03   1.3312396e-02
   7.8310000e+03   1.3290108e-02
   7.8370000e+03   1.3262699e-02
   7.8430000e+03   1.3240286e-02
   7.8490000e+03   1.3217741e-02
   7.8550000e+03   1.3192594e-02
   7.8610000e+03   1.3169103e-02
   7.8670000e+03   1.3146228e-02
   7.8730000e+03   1.3123725e-02
   7.8790000e+03   1.3101936e-02
   7.8850000e+03   1.3076501e-02
   7.8910000e+03   1.3052221e-02
   7.8970000e+03   1.3029762e-02
   7.9030000e+03   1.3008469e-02
   7.9090000e+03   1.2986122e-02
   7.9150000e+03   1.2964785e-02
   7.9210000e+03   1.2942198e-02
   7.9270000e+03   1.2917047e-02
   7.9330000e+03   1.2895326e-02
   7.9390000e+03   1.2873828e-02
   7.9450000e+03   1.2851953e-02
   7.9510000e+03   1.2830260e-02
   7.9570000e+03   1.2807438e-02
   7.9630000e+03   1.2785743e-02
   7.9690000e+03   1.2763273e-02
   7.9750000e+03   1.2739643e-02
   7.9810000e+03   1.2716646e-02
   7.9870000e+03   1.2694269e-02
   7.9930000e+03   1.2672938e-02
   7.9990000e+03   1.2649127e-02
   8.0050000e+03   1.2627408e-02
   8.0110000e+03   1.2605711e-02
   8.0170000e+03   1.2583148e-02
   8.0230000e+03   1.2561317e-02
   8.0290000e+03   1.2537241e-02
   8.0350000e+03   1.2509960e-02
   8.0410000e+03   1.2487793e-02
   8.0470000e+03   1.2464501e-02
   8.0530000e+03   1.2442557e-02
   8.0590000e+03   1.2420944e-02
   8.0650000e+03   1.2398137e-02
   8.0710000e+03   1.2375705e-02
   8.0770000e+03   1.2353839e-02
   8.0830000e+03   1.2333072e-02
   8.0890000e+03   1.2312053e-02
   8.0950000e+03   1.2290224e-02
   8.1010000e+03   1.2269012e-02
   8.1070000e+03   1.2247578e-02
   8.1130000e+03   1.2227137e-02
   8.1190000e+03   1.2205801e-02
   8.1250000e+03   1.2181865e-02
   8.1310000e+03   1.2160634e-02
   8.1370000e+03   1.2135414e-02
   8.1430000e+03   1.2112906e-02
   8.1490000e+03   1.2092064e-02
   8.1550000e+03   1.2071365e-02
   8.1610000e+03   1.2048172e-02
   8.1670000e+03   1.2026352e-02
   8.1730000e+03   1.2003233e-02
   8.1790000e+03   1.1983432e-02
   8.1850000e+03   1.1960144e-02
   8.1910000e+03   1.1936791e-02
   8.1970000e+03   1.1915598e-02
   8.2030000e+03   1.1894541e-02
   8.2090000e+03   1.1872768e-02
   8.2150000e+03   1.1852897e-02
   8.2210000e+03   1.1831572e-02
   8.2270000e+03   1.1809884e-02
   8.2330000e+03   1.1789844e-02
   8.2390000e+03   1.1767765e-02
   8.2450000e+03   1.1746963e-02
   8.2510000e+03   1.1724414e-02
   8.2570000e+03   1.1702003e-02
   8.2630000e+03   1.1678177e-02
   8.2690000e+03   1.1656674e-02
   8.2750000e+03   1.1636264e-02
   8.2810000e+03   1.1616020e-02
   8.2870000e+03   1.1594071e-02
   8.2930000e+03   1.1573109e-02
   8.2990000e+03   1.1553564e-02
   8.3050000e+03   1.1534155e-02
   8.3110000e+03   1.1513771e-02
   8.3170000e+03   1.1492436e-02
   8.3230000e+03   1.1472241e-02
   8.3290000e+03   1.1450497e-02
   8.3350000e+03   1.1428806e-02
   8.3410000e+03   1.1406477e-02
   8.3470000e+03   1.1386190e-02
   8.3530000e+03   1.1364441e-02
   8.3590000e+03   1.1345090e-02
   8.3650000e+03   1.1324119e-02
   8.3710000e+03   1.1300607e-02
   8.3770000e+03   1.1280677e-02
   8.3830000e+03   1.1259721e-02
   8.3890000e+03   1.1237129e-02
   8.3950000e+03   1.1217734e-02
   8.4010000e+03   1.1198123e-02
   8.4070000e+03   1.1175906e-02
   8.4130000e+03   1.1155211e-02
   8.4190000e+03   1.1135471e-02
   8.4250000e+03   1.1113373e-02
   8.4310000e+03   1.1092563e-02
   8.4370000e+03   1.1070471e-02
   8.4430000e+03   1.1050180e-02
   8.4490000e+03   1.1027853e-02
   8.4550000e+03   1.1007936e-02
   8.4610000e+03   1.0989043e-02
   8.4670000e+03   1.0967733e-02
   8.4730000e+03   1.0948269e-02
   8.4790000e+03   1.0926951e-02
   8.4850000e+03   1.0907113e-02
   8.4910000e+03   1.0887710e-02
   8.4970000e+03   1.0867310e-02
   8.5030000e+03   1.0848081e-02
   8.5090000e+03   1.0828780e-02
   8.5150000e+03   1.0809305e-02
   8.5210000e+03   1.0789323e-02
   8.5270000e+03   1.0769163e-02
   8.5330000e+03   1.0750456e-02
   8.5390000e+03   1.0731418e-02
   8.5450000e+03   1.0711591e-02
   8.5510000e+03   1.0692015e-02
   8.5570000e+03   1.0673830e-02
   8.5630000e+03   1.0653118e-02
   8.5690000e+03   1.0633521e-02
   8.5750000e+03   1.0614491e-02
   8.5810000e+03   1.0593763e-02
   8.5870000e+03   1.0573487e-02
   8.5930000e+03   1.0554603e-02
   8.5990000e+03   1.0534671e-02
   8.6050000e+03   1.0513444e-02
   8.6110000e+03   1.0492939e-02
   8.6170000e+03   1.0473740e-02
   8.6230000e+03   1.0452493e-02
   8.6290000e+03   1.0432268e-02
   8.6350000e+03   1.0412833e-02
   8.6410000e+03   1.0392836e-02
   8.6470000e+03   1.0374342e-02
   8.6530000e+03   1.0355147e-02
   8.6590000e+03   1.0336303e-02
   8.6650000e+03   1.0317548e-02
   8.6710000e+03   1.0298641e-02
   8.6770000e+03   1.0279911e-02
   8.6830000e+03   1.0259337e-02
   8.6890000e+03   1.0240835e-02
   8.6950000e+03   1.0221764e-02
   8.7010000e+03   1.0198683e-02
   8.7070000e+03   1.0180755e-02
   8.7130000e+03   1.0160601e-02
   8.7190000e+03   1.0141054e-02
   8.7250000e+03   1.0120061e-02
   8.7310000e+03   1.0101894e-02
   8.7370000e+03   1.0084625e-02
   8.7430000e+03   1.0066094e-02
   8.7490000e+03   1.0046855e-02
   8.7550000e+03   1.0026996e-02
   8.7610000e+03   1.0007573e-02
   8.7670000e+03   9.9886210e-03
   8.7730000e+03   9.9696816e-03
   8.7790000e+03   9.9503469e-03
   8.7850000e+03   9.9310233e-03
   8.7910000e+03   9.9103713e-03
   8.7970000e+03   9.8919861e-03
   8.8030000e+03   9.8741745e-03
   8.8090000e+03   9.8562943e-03
   8.8150000e+03   9.8371273e-03
   8.8210000e+03   9.8188577e-03
   8.8270000e+03   9.8003666e-03
   8.8330000e+03   9.7830316e-03
   8.8390000e+03   9.7627196e-03
   8.8450000e+03   9.7448507e-03
   8.8510000e+03   9.7262101e-03
   8.8570000e+03   9.7078655e-03
   8.8630000e+03   9.6905321e-03
   8.8690000e+03   9.6718267e-03
   8.8750000e+03   9.6512185e-03
   8.8810000e+03   9.6324715e-03
   8.8870000e+03   9.6116293e-03
   8.8930000e+03   9.5928100e-03
   8.8990000e+03   9.5764840e-03
   8.9050000e+03   9.5564766e-03
   8.9110000e+03   9.5393878e-03
   8.9170000e+03   9.5212556e-03
   8.9230000e+03   9.4959077e-03
   8.9290000e+03   9.4765280e-03
   8.9350000e+03   9.4598399e-03
   8.9410000e+03   9.4417039e-03
   8.9470000e+03   9.4226659e-03
   8.9530000e+03   9.4023864e-03
   8.9590000e+03   9.3831819e-03
   8.9650000e+03   9.3660125e-03
   8.9710000e+03   9.3483496e-03
   8.9770000e+03   9.3297694e-03
   8.9830000e+03   9.3122058e-03
   8.9890000e+03   9.2935884e-03
   8.9950000e+03   9.2762015e-03
   9.0010000e+03   9.2591507e-03
   9.0070000e+03   9.2408826e-03
   9.0130000e+03   9.2237484e-03
   9.0190000e+03   9.2059718e-03
   9.0250000e+03   9.1874644e-03
   9.0310000e+03   9.1712921e-03
   9.0370000e+03   9.1531741e-03
   9.0430000e+03   9.1345949e-03
   9.0490000e+03   9.1155046e-03
   9.0550000e+03   9.0976158e-03
   9.0610000e+03   9.0809528e-03
   9.0670000e+03   9.0610707e-03
   9.0730000e+03   9.0421124e-03
   9.0790000e+03   9.0247389e-03
   9.0850000e+03   9.0080169e-03
   9.0910000e+03   8.9905970e-03
   9.0970000e+03   8.9737838e-03
   9.1030000e+03   8.9566883e-03
   9.1090000e+03   8.9391304e-03
   9.1150000e+03   8.9231817e-03
   9.1210000e+03   8.9048226e-03
   9.1270000e+03   8.8870181e-03
   9.1330000e+03   8.8699011e-03
   9.1390000e+03   8.8534003e-03
   9.1450000e+03   8.8359661e-03
   9.1510000e+03   8.8165453e-03
   9.1570000e+03   8.8001894e-03
   9.1630000e+03   8.7824875e-03
   9.1690000e+03   8.7652523e-03
   9.1750000e+03   8.7486647e-03
   9.1810000e+03   8.7324727e-03
   9.1870000e+03   8.7153258e-03
   9.1930000e+03   8.6985826e-03
   9.1990000e+03   8.6809877e-03
   9.2050000e+03   8.6645149e-03
   9.2110000e+03   8.6448210e-03
   9.2170000e+03   8.6259398e-03
   9.2230000e+03   8.6088718e-03
   9.2290000e+03   8.5931877e-03
   9.2350000e+03   8.5750557e-03
   9.2410000e+03   8.5585372e-03
   9.2470000e+03   8.5405064e-03
   9.2530000e+03   8.5238882e-03
   9.2590000e+03   8.5075249e-03
   9.2650000e+03   8.4903041e-03
   9.2710000e+03   8.4746082e-03
   9.2770000e+03   8.4586326e-03
   9.2830000e+03   8.4436494e-03
   9.2890000e+03   8.4278579e-03
   9.2950000e+03   8.4125371e-03
   9.3010000e+03   8.3967003e-03
   9.3070000e+03   8.3799540e-03
   9.3130000e+03   8.3643567e-03
   9.3190000e+03   8.3473317e-03
   9.3250000e+03   8.3303088e-03
   9.3310000e+03   8.3144831e-03
   9.3370000e+03   8.2966318e-03
   9.3430000e+03   8.2808528e-03
   9.3490000e+03   8.2651979e-03
   9.3550000e+03   8.2491119e-03
   9.3610000e+03   8.2335108e-03
   9.3670000e+03   8.2172659e-03
   9.3730000e+03   8.2011956e-03
   9.3790000e+03   8.1841517e-03
   9.3850000e+03   8.1680232e-03
   9.3910000e+03   8.1496342e-03
   9.3970000e+03   8.1331620e-03
   9.4030000e+03   8.1155217e-03
   9.4090000e+03   8.0991250e-03
   9.4150000e+03   8.0827523e-03
   9.4210000e+03   8.0667781e-03
   9.4270000e+03   8.0465388e-03
   9.4330000e+03   8.0309592e-03
   9.4390000e+03   8.0157306e-03
   9.4450000e+03   7.9992403e-03
   9.4510000e+03   7.9825284e-03
   9.4570000e+03   7.9672149e-03
   9.4630000e+03   7.9479716e-03
   9.4690000e+03   7.9331527e-03
   9.4750000e+03   7.9178255e-03
   9.4810000e+03   7.9014573e-03
   9.4870000e+03   7.8843572e-03
   9.4930000e+03   7.8676035e-03
   9.4990000e+03   7.8514195e-03
   9.5050000e+03   7.8344293e-03
   9.5110000e+03   7.8185108e-03
   9.5170000e+03   7.8030228e-03
   9.5230000e+03   7.7867445e-03
   9.5290000e+03   7.7716218e-03
   9.5350000e+03   7.7564836e-03
   9.5410000e+03   7.7396887e-03
   9.5470000e+03   7.7241321e-03
   9.5530000e+03   7.7091553e-03
   9.5590000e+03   7.6938692e-03
   9.5650000e+03   7.6784181e-03
   9.5710000e+03   7.6630011e-03
   9.5770000e+03   7.6465307e-03
   9.5830000e+03   7.6313587e-03
   9.5890000e+03   7.6164942e-03
   9.5950000e+03   7.6016693e-03
   9.6010000e+03   7.5843528e-03
   9.6070000e+03   7.5673773e-03
   9.6130000e+03   7.5528763e-03
   9.6190000e+03   7.5371866e-03
   9.6250000e+03   7.5209786e-03
   9.6310000e+03   7.5052760e-03
   9.6370000e+03   7.4894521e-03
   9.6430000e+03   7.4729684e-03
   9.6490000e+03   7.4564307e-03
   9.6550000e+03   7.4425132e-03
   9.6610000e+03   7.4277956e-03
   9.6670000e+03   7.4124975e-03
   9.6730000e+03   7.3963089e-03
   9.6790000e+03   7.3814435e-03
   9.6850000e+03   7.3649813e-03
   9.6910000e+03   7.3493451e-03
   9.6970000e+03   7.3339790e-03
   9.7030000e+03   7.3178805e-03
   9.7090000e+03   7.3033513e-03
   9.7150000e+03   7.2887802e-03
   9.7210000e+03   7.2737866e-03
   9.7270000e+03   7.2577696e-03
   9.7330000e+03   7.2440036e-03
   9.7390000e+03   7.2282482e-03
   9.7450000e+03   7.2143431e-03
   9.7510000e+03   7.1971486e-03
   9.7570000e+03   7.1818385e-03
   9.7630000e+03   7.1671347e-03
   9.7690000e+03   7.1508473e-03
   9.7750000e+03   7.1331210e-03
   9.7810000e+03   7.1181496e-03
   9.7870000e+03   7.1036353e-03
   9.7930000e+03   7.0896312e-03
   9.7990000e+03   7.0752631e-03
   9.8050000e+03   7.0597216e-03
   9.8110000e+03   7.0423087e-03
   9.8170000e+03   7.0260497e-03
   9.8230000e+03   7.0121907e-03
   9.8290000e+03   6.9984278e-03
   9.8350000e+03   6.9832606e-03
   9.8410000e+03   6.9691609e-03
   9.8470000e+03   6.9540041e-03
   9.8530000e+03   6.9395155e-03
   9.8590000e+03   6.9256530e-03
   9.8650000e+03   6.9115454e-03
   9.8710000e+03   6.8970447e-03
   9.8770000e+03   6.8831214e-03
   9.8830000e+03   6.8680560e-03
   9.8890000e+03   6.8527581e-03
   9.8950000e+03   6.8386683e-03
   9.9010000e+03   6.8247333e-03
   9.9070000e+03   6.8101190e-03
   9.9130000e+03   6.7958112e-03
   9.9190000e+03   6.7806415e-03
   9.9250000e+03   6.7665420e-03
   9.9310000e+03   6.7530605e-03
   9.9370000e+03   6.7396460e-03
   9.9430000e+03   6.7245819e-03
   9.9490000e+03   6.7105921e-03
   9.9550000e+03   6.6957467e-03
   9.9610000e+03   6.6814278e-03
   9.9670000e+03   6.6662554e-03
   9.9730000e+03   6.6522954e-03
   9.9790000e+03   6.6389360e-03
   9.9850000e+03   6.6243865e-03
   9.9910000e+03   6.6098656e-03
   9.9970000e+03   6.5947781e-03
   1.0003000e+04   6.5799531e-03
   1.0009000e+04   6.5661226e-03
   1.0015000e+04   6.5517271e-03
   1.0021000e+04   6.5376890e-03
   1.0027000e+04   6.5236157e-03
   1.0033000e+04   6.5089850e-03
   1.0039000e+04   6.4955981e-03
   1.0045000e+04   6.4805116e-03
   1.0051000e+04   6.4668277e-03
   1.0057000e+04   6.4535812e-03
   1.0063000e+04   6.4404262e-03
   1.0069000e+04   6.4261107e-03
   1.0075000e+04   6.4122830e-03
   1.0081000e+04   6.3979446e-03
   1.0087000e+04   6.3844231e-03
   1.0093000e+04   6.3707947e-03
   1.0099000e+04   6.3559346e-03
   1.0105000e+04   6.3418658e-03
   1.0111000e+04   6.3288449e-03
   1.0117000e+04   6.3158768e-03
   1.0123000e+04   6.3023279e-03
   1.0129000e+04   6.2874896e-03
   1.0135000e+04   6.2739835e-03
   1.0141000e+04   6.2607135e-03
   1.0147000e+04   6.2475286e-03
   1.0153000e+04   6.2341546e-03
   1.0159000e+04   6.2211179e-03
   1.0165000e+04   6.2079927e-03
   1.0171000e+04   6.1946408e-03
   1.0177000e+04   6.1809306e-03
   1.0183000e+04   6.1672194e-03
   1.0189000e+04   6.1533916e-03
   1.0195000e+04   6.1405957e-03
   1.0201000e+04   6.1274035e-03
   1.0207000e+04   6.1133603e-03
   1.0213000e+04   6.0984534e-03
   1.0219000e+04   6.0852992e-03
   1.0225000e+04   6.0720833e-03
   1.0231000e+04   6.0581364e-03
   1.0237000e+04   6.0449907e-03
   1.0243000e+04   6.0315715e-03
   1.0249000e+04   6.0174203e-03
   1.0255000e+04   6.0039704e-03
   1.0261000e+04   5.9915236e-03
   1.0267000e+04   5.9785002e-03
   1.0273000e+04   5.9657031e-03
   1.0279000e+04   5.9527671e-03
   1.0285000e+04   5.9390840e-03
   1.0291000e+04   5.9256475e-03
   1.0297000e+04   5.9130201e-03
   1.0303000e+04   5.9001576e-03
   1.0309000e+04   5.8868747e-03
   1.0315000e+04   5.8723238e-03
   1.0321000e+04   5.8572700e-03
   1.0327000e+04   5.8440657e-03
   1.0333000e+04   5.8315293e-03
   1.0339000e+04   5.8185637e-03
   1.0345000e+04   5.8044238e-03
   1.0351000e+04   5.7915005e-03
   1.0357000e+04   5.7777906e-03
   1.0363000e+04   5.7637194e-03
   1.0369000e+04   5.7515236e-03
   1.0375000e+04   5.7377931e-03
   1.0381000e+04   5.7246492e-03
   1.0387000e+04   5.7116058e-03
   1.0393000e+04   5.6989369e-03
   1.0399000e+04   5.6860160e-03
   1.0405000e+04   5.6736703e-03
   1.0411000e+04   5.6617119e-03
   1.0417000e+04   5.6475971e-03
   1.0423000e+04   5.6344972e-03
   1.0429000e+04   5.6219829e-03
   1.0435000e+04   5.6070659e-03
   1.0441000e+04   5.5937105e-03
   1.0447000e+04   5.5813376e-03
   1.0453000e+04   5.5688966e-03
   1.0459000e+04   5.5554557e-03
   1.0465000e+04   5.5417304e-03
   1.0471000e+04   5.5296287e-03
   1.0477000e+04   5.5170750e-03
   1.0483000e+04   5.5047652e-03
   1.0489000e+04   5.4903915e-03
   1.0495000e+04   5.4776958e-03
   1.0501000e+04   5.4657309e-03
   1.0507000e+04   5.4527765e-03
   1.0513000e+04   5.4402440e-03
   1.0519000e+04   5.4284236e-03
   1.0525000e+04   5.4156278e-03
   1.0531000e+04   5.4035497e-03
   1.0537000e+04   5.3906700e-03
   1.0543000e+04   5.3787061e-03
   1.0549000e+04   5.3666088e-03
   1.0555000e+04   5.3539130e-03
   1.0561000e+04   5.3421757e-03
   1.0567000e+04   5.3301609e-03
   1.0573000e+04   5.3165648e-03
   1.0579000e+04   5.3050256e-03
   1.0585000e+04   5.2925241e-03
   1.0591000e+04   5.2801175e-03
   1.0597000e+04   5.2676531e-03
   1.0603000e+04   5.2545391e-03
   1.0609000e+04   5.2427892e-03
   1.0615000e+04   5.2300114e-03
   1.0621000e+04   5.2179833e-03
   1.0627000e+04   5.2058747e-03
   1.0633000e+04   5.1931439e-03
   1.0639000e+04   5.1817324e-03
   1.0645000e+04   5.1697676e-03
   1.0651000e+04   5.1581586e-03
   1.0657000e+04   5.1466042e-03
   1.0663000e+04   5.1341937e-03
   1.0669000e+04   5.1228003e-03
   1.0675000e+04   5.1110677e-03
   1.0681000e+04   5.0989111e-03
   1.0687000e+04   5.0866721e-03
   1.0693000e+04   5.0750750e-03
   1.0699000e+04   5.0630747e-03
   1.0705000e+04   5.0518170e-03
   1.0711000e+04   5.0390047e-03
   1.0717000e+04   5.0266213e-03
   1.0723000e+04   5.0150869e-03
   1.0729000e+04   5.0039268e-03
   1.0735000e+04   4.9915546e-03
   1.0741000e+04   4.9796488e-03
   1.0747000e+04   4.9663705e-03
   1.0753000e+04   4.9539978e-03
   1.0759000e+04   4.9418570e-03
   1.0765000e+04   4.9308047e-03
   1.0771000e+04   4.9190628e-03
   1.0777000e+04   4.9074285e-03
   1.0783000e+04   4.8951131e-03
   1.0789000e+04   4.8835034e-03
   1.0795000e+04   4.8716212e-03
   1.0801000e+04   4.8599713e-03
   1.0807000e+04   4.8481389e-03
   1.0813000e+04   4.8364048e-03
   1.0819000e+04   4.8232502e-03
   1.0825000e+04   4.8122999e-03
   1.0831000e+04   4.8013565e-03
   1.0837000e+04   4.7899798e-03
   1.0843000e+04   4.7789114e-03
   1.0849000e+04   4.7665991e-03
   1.0855000e+04   4.7551955e-03
   1.0861000e+04   4.7434041e-03
   1.0867000e+04   4.7310313e-03
   1.0873000e+04   4.7196236e-03
   1.0879000e+04   4.7087562e-03
   1.0885000e+04   4.6970293e-03
   1.0891000e+04   4.6856002e-03
   1.0897000e+04   4.6742973e-03
   1.0903000e+04   4.6612261e-03
   1.0909000e+04   4.6500018e-03
   1.0915000e+04   4.6389832e-03
   1.0921000e+04   4.6277719e-03
   1.0927000e+04   4.6159469e-03
   1.0933000e+04   4.6025828e-03
   1.0939000e+04   4.5910944e-03
   1.0945000e+04   4.5792242e-03
   1.0951000e+04   4.5678523e-03
   1.0957000e+04   4.5564379e-03
   1.0963000e+04   4.5452535e-03
   1.0969000e+04   4.5343597e-03
   1.0975000e+04   4.5226180e-03
   1.0981000e+04   4.5118424e-03
   1.0987000e+04   4.5006163e-03
   1.0993000e+04   4.4890013e-03
   1.0999000e+04   4.4775755e-03
   1.1005000e+04   4.4665497e-03
   1.1011000e+04   4.4551104e-03
   1.1017000e+04   4.4438751e-03
   1.1023000e+04   4.4322528e-03
   1.1029000e+04   4.4215081e-03
   1.1035000e+04   4.4103917e-03
   1.1041000e+04   4.3976460e-03
   1.1047000e+04   4.3869318e-03
   1.1053000e+04   4.3758760e-03
   1.1059000e+04   4.3627777e-03
   1.1065000e+04   4.3520257e-03
   1.1071000e+04   4.3397499e-03
   1.1077000e+04   4.3283866e-03
   1.1083000e+04   4.3175608e-03
   1.1089000e+04   4.3053465e-03
   1.1095000e+04   4.2943734e-03
   1.1101000e+04   4.2838879e-03
   1.1107000e+04   4.2734611e-03
   1.1113000e+04   4.2625929e-03
   1.1119000e+04   4.2515205e-03
   1.1125000e+04   4.2407109e-03
   1.1131000e+04   4.2294249e-03
   1.1137000e+04   4.2183062e-03
   1.1143000e+04   4.2070601e-03
   1.1149000e+04   4.1957231e-03
   1.1155000e+04   4.1850525e-03
   1.1161000e+04   4.1733907e-03
   1.1167000e+04   4.1631222e-03
   1.1173000e+04   4.1521734e-03
   1.1179000e+04   4.1408752e-03
   1.1185000e+04   4.1303147e-03
   1.1191000e+04   4.1184150e-03
   1.1197000e+04   4.1077714e-03
   1.1203000e+04   4.0977210e-03
   1.1209000e+04   4.0858347e-03
   1.1215000e+04   4.0748430e-03
   1.1221000e+04   4.0639736e-03
   1.1227000e+04   4.0524869e-03
   1.1233000e+04   4.0413005e-03
   1.1239000e+04   4.0305911e-03
   1.1245000e+04   4.0198692e-03
   1.1251000e+04   4.0093981e-03
   1.1257000e+04   3.9993049e-03
   1.1263000e+04   3.9888866e-03
   1.1269000e+04   3.9781643e-03
   1.1275000e+04   3.9681689e-03
   1.1281000e+04   3.9581740e-03
   1.1287000e+04   3.9476002e-03
   1.1293000e+04   3.9374130e-03
   1.1299000e+04   3.9254702e-03
   1.1305000e+04   3.9138658e-03
   1.1311000e+04   3.9040668e-03
   1.1317000e+04   3.8937540e-03
   1.1323000e+04   3.8831023e-03
   1.1329000e+04   3.8720833e-03
   1.1335000e+04   3.8615628e-03
   1.1341000e+04   3.8495529e-03
   1.1347000e+04   3.8387074e-03
   1.1353000e+04   3.8286555e-03
   1.1359000e+04   3.8188362e-03
   1.1365000e+04   3.8087329e-03
   1.1371000e+04   3.7973022e-03
   1.1377000e+04   3.7868584e-03
   1.1383000e+04   3.7744942e-03
   1.1389000e+04   3.7639332e-03
   1.1395000e+04   3.7533841e-03
   1.1401000e+04   3.7433686e-03
   1.1407000e+04   3.7333998e-03
   1.1413000e+04   3.7225020e-03
   1.1419000e+04   3.7123172e-03
   1.1425000e+04   3.7022021e-03
   1.1431000e+04   3.6918891e-03
   1.1437000e+04   3.6813749e-03
   1.1443000e+04   3.6707873e-03
   1.1449000e+04   3.6604778e-03
   1.1455000e+04   3.6508574e-03
   1.1461000e+04   3.6411650e-03
   1.1467000e+04   3.6305511e-03
   1.1473000e+04   3.6189605e-03
   1.1479000e+04   3.6090414e-03
   1.1485000e+04   3.5989767e-03
   1.1491000e+04   3.5889578e-03
   1.1497000e+04   3.5775640e-03
   1.1503000e+04   3.5673550e-03
   1.1509000e+04   3.5575254e-03
   1.1515000e+04   3.5480324e-03
   1.1521000e+04   3.5382780e-03
   1.1527000e+04   3.5278011e-03
   1.1533000e+04   3.5180237e-03
   1.1539000e+04   3.5083109e-03
   1.1545000e+04   3.4987838e-03
   1.1551000e+04   3.4876540e-03
   1.1557000e+04   3.4779950e-03
   1.1563000e+04   3.4685494e-03
   1.1569000e+04   3.4581580e-03
   1.1575000e+04   3.4481102e-03
   1.1581000e+04   3.4383424e-03
   1.1587000e+04   3.4278717e-03
   1.1593000e+04   3.4178142e-03
   1.1599000e+04   3.4074930e-03
   1.1605000e+04   3.3979555e-03
   1.1611000e+04   3.3885405e-03
   1.1617000e+04   3.3790015e-03
   1.1623000e+04   3.3695338e-03
   1.1629000e+04   3.3596808e-03
   1.1635000e+04   3.3488233e-03
   1.1641000e+04   3.3391566e-03
   1.1647000e+04   3.3297672e-03
   1.1653000e+04   3.3194819e-03
   1.1659000e+04   3.3096680e-03
   1.1665000e+04   3.2999571e-03
   1.1671000e+04   3.2903989e-03
   1.1677000e+04   3.2811845e-03
   1.1683000e+04   3.2720429e-03
   1.1689000e+04   3.2627302e-03
   1.1695000e+04   3.2530979e-03
   1.1701000e+04   3.2432775e-03
   1.1707000e+04   3.2337868e-03
   1.1713000e+04   3.2241246e-03
   1.1719000e+04   3.2144241e-03
   1.1725000e+04   3.2052920e-03
   1.1731000e+04   3.1958352e-03
   1.1737000e+04   3.1859316e-03
   1.1743000e+04   3.1773111e-03
   1.1749000e+04   3.1667474e-03
   1.1755000e+04   3.1571447e-03
   1.1761000e+04   3.1474735e-03
   1.1767000e+04   3.1371867e-03
   1.1773000e+04   3.1275349e-03
   1.1779000e+04   3.1180197e-03
   1.1785000e+04   3.1083561e-03
   1.1791000e+04   3.0994545e-03
   1.1797000e+04   3.0902754e-03
   1.1803000e+04   3.0813767e-03
   1.1809000e+04   3.0718559e-03
   1.1815000e+04   3.0624765e-03
   1.1821000e+04   3.0525547e-03
   1.1827000e+04   3.0434944e-03
   1.1833000e+04   3.0342663e-03
   1.1839000e+04   3.0247647e-03
   1.1845000e+04   3.0153808e-03
   1.1851000e+04   3.0061453e-03
   1.1857000e+04   2.9964065e-03
   1.1863000e+04   2.9873174e-03
   1.1869000e+04   2.9784909e-03
   1.1875000e+04   2.9694842e-03
   1.1881000e+04   2.9598505e-03
   1.1887000e+04   2.9508919e-03
   1.1893000e+04   2.9420696e-03
   1.1899000e+04   2.9334717e-03
   1.1905000e+04   2.9243121e-03
   1.1911000e+04   2.9153955e-03
   1.1917000e+04   2.9066114e-03
   1.1923000e+04   2.8980586e-03
   1.1929000e+04   2.8881841e-03
   1.1935000e+04   2.8794317e-03
   1.1941000e+04   2.8702971e-03
   1.1947000e+04   2.8613606e-03
   1.1953000e+04   2.8524533e-03
   1.1959000e+04   2.8440377e-03
   1.1965000e+04   2.8349155e-03
   1.1971000e+04   2.8261376e-03
   1.1977000e+04   2.8173131e-03
   1.1983000e+04   2.8083532e-03
   1.1989000e+04   2.7983435e-03
   1.1995000e+04   2.7899343e-03
   1.2001000e+04   2.7809867e-03
   1.2007000e+04   2.7714126e-03
   1.2013000e+04   2.7625072e-03
   1.2019000e+04   2.7532515e-03
   1.2025000e+04   2.7443011e-03
   1.2031000e+04   2.7350649e-03
   1.2037000e+04   2.7267984e-03
   1.2043000e+04   2.7179796e-03
   1.2049000e+04   2.7091650e-03
   1.2055000e+04   2.7006036e-03
   1.2061000e+04   2.6914824e-03
   1.2067000e+04   2.6834392e-03
   1.2073000e+04   2.6750622e-03
   1.2079000e+04   2.6665477e-03
   1.2085000e+04   2.6577910e-03
   1.2091000e+04   2.6489521e-03
   1.2097000e+04   2.6407673e-03
   1.2103000e+04   2.6326777e-03
   1.2109000e+04   2.6238460e-03
   1.2115000e+04   2.6153685e-03
   1.2121000e+04   2.6072248e-03
   1.2127000e+04   2.5988510e-03
   1.2133000e+04   2.5906376e-03
   1.2139000e+04   2.5819199e-03
   1.2145000e+04   2.5722864e-03
   1.2151000e+04   2.5630031e-03
   1.2157000e+04   2.5545725e-03
   1.2163000e+04   2.5452465e-03
   1.2169000e+04   2.5369050e-03
   1.2175000e+04   2.5288766e-03
   1.2181000e+04   2.5198394e-03
   1.2187000e+04   2.5117819e-03
   1.2193000e+04   2.5037548e-03
   1.2199000e+04   2.4953157e-03
   1.2205000e+04   2.4871922e-03
   1.2211000e+04   2.4790883e-03
   1.2217000e+04   2.4706967e-03
   1.2223000e+04   2.4626235e-03
   1.2229000e+04   2.4543732e-03
   1.2235000e+04   2.4461588e-03
   1.2241000e+04   2.4376367e-03
   1.2247000e+04   2.4287719e-03
   1.2253000e+04   2.4209477e-03
   1.2259000e+04   2.4116744e-03
   1.2265000e+04   2.4033272e-03
   1.2271000e+04   2.3943174e-03
   1.2277000e+04   2.3864348e-03
   1.2283000e+04   2.3782108e-03
   1.2289000e+04   2.3696703e-03
   1.2295000e+04   2.3614171e-03
   1.2301000e+04   2.3534921e-03
   1.2307000e+04   2.3454471e-03
   1.2313000e+04   2.3366109e-03
   1.2319000e+04   2.3281763e-03
   1.2325000e+04   2.3198143e-03
   1.2331000e+04   2.3116150e-03
   1.2337000e+04   2.3035013e-03
   1.2343000e+04   2.2955565e-03
   1.2349000e+04   2.2868187e-03
   1.2355000e+04   2.2792364e-03
   1.2361000e+04   2.2715130e-03
   1.2367000e+04   2.2632918e-03
   1.2373000e+04   2.2551359e-03
   1.2379000e+04   2.2467837e-03
   1.2385000e+04   2.2387343e-03
   1.2391000e+04   2.2305945e-03
   1.2397000e+04   2.2225808e-03
   1.2403000e+04   2.2147436e-03
   1.2409000e+04   2.2071817e-03
   1.2415000e+04   2.1993295e-03
   1.2421000e+04   2.1911633e-03
   1.2427000e+04   2.1836907e-03
   1.2433000e+04   2.1758202e-03
   1.2439000e+04   2.1675386e-03
   1.2445000e+04   2.1595152e-03
   1.2451000e+04   2.1517868e-03
   1.2457000e+04   2.1441886e-03
   1.2463000e+04   2.1362907e-03
   1.2469000e+04   2.1283944e-03
   1.2475000e+04   2.1204489e-03
   1.2481000e+04   2.1126613e-03
   1.2487000e+04   2.1052206e-03
   1.2493000e+04   2.0975003e-03
   1.2499000e+04   2.0897805e-03
   1.2505000e+04   2.0822723e-03
   1.2511000e+04   2.0748078e-03
   1.2517000e+04   2.0671069e-03
   1.2523000e+04   2.0578096e-03
   1.2529000e+04   2.0501100e-03
   1.2535000e+04   2.0425214e-03
   1.2541000e+04   2.0348253e-03
   1.2547000e+04   2.0272010e-03
   1.2553000e+04   2.0200297e-03
   1.2559000e+04   2.0123028e-03
   1.2565000e+04   2.0048785e-03
   1.2571000e+04   1.9970216e-03
   1.2577000e+04   1.9899512e-03
   1.2583000e+04   1.9818661e-03
   1.2589000e+04   1.9742335e-03
   1.2595000e+04   1.9667270e-03
   1.2601000e+04   1.9595869e-03
   1.2607000e+04   1.9516422e-03
   1.2613000e+04   1.9442282e-03
   1.2619000e+04   1.9370709e-03
   1.2625000e+04   1.9294527e-03
   1.2631000e+04   1.9217031e-03
   1.2637000e+04   1.9138748e-03
   1.2643000e+04   1.9068773e-03
   1.2649000e+04   1.8996567e-03
   1.2655000e+04   1.8920890e-03
   1.2661000e+04   1.8837292e-03
   1.2667000e+04   1.8767110e-03
   1.2673000e+04   1.8692653e-03
   1.2679000e+04   1.8617927e-03
   1.2685000e+04   1.8542395e-03
   1.2691000e+04   1.8464361e-03
   1.2697000e+04   1.8375279e-03
   1.2703000e+04   1.8301926e-03
   1.2709000e+04   1.8231084e-03
   1.2715000e+04   1.8157273e-03
   1.2721000e+04   1.8089289e-03
   1.2727000e+04   1.8019993e-03
   1.2733000e+04   1.7947844e-03
   1.2739000e+04   1.7877940e-03
   1.2745000e+04   1.7807281e-03
   1.2751000e+04   1.7737372e-03
   1.2757000e+04   1.7666852e-03
   1.2763000e+04   1.7596332e-03
   1.2769000e+04   1.7519316e-03
   1.2775000e+04   1.7444404e-03
   1.2781000e+04   1.7372801e-03
   1.2787000e+04   1.7302952e-03
   1.2793000e+04   1.7230445e-03
   1.2799000e+04   1.7157366e-03
   1.2805000e+04   1.7086346e-03
   1.2811000e+04   1.7013632e-03
   1.2817000e+04   1.6947118e-03
   1.2823000e+04   1.6878177e-03
   1.2829000e+04   1.6806367e-03
   1.2835000e+04   1.6732398e-03
   1.2841000e+04   1.6655195e-03
   1.2847000e+04   1.6583219e-03
   1.2853000e+04   1.6510955e-03
   1.2859000e+04   1.6439804e-03
   1.2865000e+04   1.6372200e-03
   1.2871000e+04   1.6299061e-03
   1.2877000e+04   1.6230857e-03
   1.2883000e+04   1.6159100e-03
   1.2889000e+04   1.6091418e-03
   1.2895000e+04   1.6025130e-03
   1.2901000e+04   1.5961667e-03
   1.2907000e+04   1.5892058e-03
   1.2913000e+04   1.5819933e-03
   1.2919000e+04   1.5750056e-03
   1.2925000e+04   1.5684801e-03
   1.2931000e+04   1.5617503e-03
   1.2937000e+04   1.5547042e-03
   1.2943000e+04   1.5478806e-03
   1.2949000e+04   1.5409079e-03
   1.2955000e+04   1.5343061e-03
   1.2961000e+04   1.5272260e-03
   1.2967000e+04   1.5205365e-03
   1.2973000e+04   1.5139806e-03
   1.2979000e+04   1.5072048e-03
   1.2985000e+04   1.5005122e-03
   1.2991000e+04   1.4937762e-03
   1.2997000e+04   1.4869654e-03
   1.3003000e+04   1.4792622e-03
   1.3009000e+04   1.4717643e-03
   1.3015000e+04   1.4654115e-03
   1.3021000e+04   1.4591046e-03
   1.3027000e+04   1.4523890e-03
   1.3033000e+04   1.4458085e-03
   1.3039000e+04   1.4392827e-03
   1.3045000e+04   1.4326133e-03
   1.3051000e+04   1.4251124e-03
   1.3057000e+04   1.4187005e-03
   1.3063000e+04   1.4110602e-03
   1.3069000e+04   1.4046218e-03
   1.3075000e+04   1.3982576e-03
   1.3081000e+04   1.3918875e-03
   1.3087000e+04   1.3854336e-03
   1.3093000e+04   1.3788611e-03
   1.3099000e+04   1.3718765e-03
   1.3105000e+04   1.3658692e-03
   1.3111000e+04   1.3594649e-03
   1.3117000e+04   1.3530131e-03
   1.3123000e+04   1.3465463e-03
   1.3129000e+04   1.3401797e-03
   1.3135000e+04   1.3338942e-03
   1.3141000e+04   1.3275571e-03
   1.3147000e+04   1.3213559e-03
   1.3153000e+04   1.3145237e-03
   1.3159000e+04   1.3080876e-03
   1.3165000e+04   1.3017065e-03
   1.3171000e+04   1.2955418e-03
   1.3177000e+04   1.2892666e-03
   1.3183000e+04   1.2833092e-03
   1.3189000e+04   1.2760624e-03
   1.3195000e+04   1.2697207e-03
   1.3201000e+04   1.2633218e-03
   1.3207000e+04   1.2571073e-03
   1.3213000e+04   1.2509202e-03
   1.3219000e+04   1.2441623e-03
   1.3225000e+04   1.2379468e-03
   1.3231000e+04   1.2319092e-03
   1.3237000e+04   1.2260011e-03
   1.3243000e+04   1.2194067e-03
   1.3249000e+04   1.2132194e-03
   1.3255000e+04   1.2070274e-03
   1.3261000e+04   1.2008701e-03
   1.3267000e+04   1.1947069e-03
   1.3273000e+04   1.1888066e-03
   1.3279000e+04   1.1827776e-03
   1.3285000e+04   1.1765169e-03
   1.3291000e+04   1.1708259e-03
   1.3297000e+04   1.1647875e-03
   1.3303000e+04   1.1588885e-03
   1.3309000e+04   1.1528919e-03
   1.3315000e+04   1.1470498e-03
   1.3321000e+04   1.1402107e-03
   1.3327000e+04   1.1344678e-03
   1.3333000e+04   1.1287027e-03
   1.3339000e+04   1.1223825e-03
   1.3345000e+04   1.1164126e-03
   1.3351000e+04   1.1106899e-03
   1.3357000e+04   1.1045541e-03
   1.3363000e+04   1.0988100e-03
   1.3369000e+04   1.0928812e-03
   1.3375000e+04   1.0863934e-03
   1.3381000e+04   1.0791358e-03
   1.3387000e+04   1.0732684e-03
   1.3393000e+04   1.0675350e-03
   1.3399000e+04   1.0618014e-03
   1.3405000e+04   1.0560015e-03
   1.3411000e+04   1.0503143e-03
   1.3417000e+04   1.0448447e-03
   1.3423000e+04   1.0385669e-03
   1.3429000e+04   1.0324396e-03
   1.3435000e+04   1.0263767e-03
   1.3441000e+04   1.0204093e-03
   1.3447000e+04   1.0148842e-03
   1.3453000e+04   1.0087115e-03
   1.3459000e+04   1.0029753e-03
   1.3465000e+04   9.9713717e-04
   1.3471000e+04   9.9147828e-04
   1.3477000e+04   9.8521327e-04
   1.3483000e+04   9.7949741e-04
   1.3489000e+04   9.7341893e-04
   1.3495000e+04   9.6742846e-04
   1.3501000e+04   9.6177367e-04
   1.3507000e+04   9.5650305e-04
   1.3513000e+04   9.5045677e-04
   1.3519000e+04   9.4414861e-04
   1.3525000e+04   9.3847129e-04
   1.3531000e+04   9.3227175e-04
   1.3537000e+04   9.2667590e-04
   1.3543000e+04   9.2104134e-04
   1.3549000e+04   9.1564857e-04
   1.3555000e+04   9.1008486e-04
   1.3561000e+04   9.0463629e-04
   1.3567000e+04   8.9857559e-04
   1.3573000e+04   8.9290841e-04
   1.3579000e+04   8.8764694e-04
   1.3585000e+04   8.8256541e-04
   1.3591000e+04   8.7722007e-04
   1.3597000e+04   8.7139488e-04
   1.3603000e+04   8.6538759e-04
   1.3609000e+04   8.5952670e-04
   1.3615000e+04   8.5407573e-04
   1.3621000e+04   8.4851352e-04
   1.3627000e+04   8.4297486e-04
   1.3633000e+04   8.3759789e-04
   1.3639000e+04   8.3226360e-04
   1.3645000e+04   8.2712083e-04
   1.3651000e+04   8.2191392e-04
   1.3657000e+04   8.1662590e-04
   1.3663000e+04   8.1122914e-04
   1.3669000e+04   8.0594165e-04
   1.3675000e+04   8.0030472e-04
   1.3681000e+04   7.9483784e-04
   1.3687000e+04   7.8972403e-04
   1.3693000e+04   7.8458876e-04
   1.3699000e+04   7.7936385e-04
   1.3705000e+04   7.7418891e-04
   1.3711000e+04   7.6904424e-04
   1.3717000e+04   7.6353767e-04
   1.3723000e+04   7.5812881e-04
   1.3729000e+04   7.5301627e-04
   1.3735000e+04   7.4793195e-04
   1.3741000e+04   7.4289677e-04
   1.3747000e+04   7.3774255e-04
   1.3753000e+04   7.3250649e-04
   1.3759000e+04   7.2689497e-04
   1.3765000e+04   7.2164475e-04
   1.3771000e+04   7.1674532e-04
   1.3777000e+04   7.1169465e-04
   1.3783000e+04   7.0643480e-04
   1.3789000e+04   7.0141748e-04
   1.3795000e+04   6.9660717e-04
   1.3801000e+04   6.9127356e-04
   1.3807000e+04   6.8638028e-04
   1.3813000e+04   6.8118162e-04
   1.3819000e+04   6.7627800e-04
   1.3825000e+04   6.7112415e-04
   1.3831000e+04   6.6610416e-04
   1.3837000e+04   6.6117371e-04
   1.3843000e+04   6.5612058e-04
   1.3849000e+04   6.5109490e-04
   1.3855000e+04   6.4562811e-04
   1.3861000e+04   6.4087395e-04
   1.3867000e+04   6.3546835e-04
   1.3873000e+04   6.3077434e-04
   1.3879000e+04   6.2569335e-04
   1.3885000e+04   6.2038455e-04
   1.3891000e+04   6.1520879e-04
   1.3897000e+04   6.1027164e-04
   1.3903000e+04   6.0536478e-04
   1.3909000e+04   6.0052380e-04
   1.3915000e+04   5.9565864e-04
   1.3921000e+04   5.9082600e-04
   1.3927000e+04   5.8592228e-04
   1.3933000e+04   5.8130743e-04
   1.3939000e+04   5.7643096e-04
   1.3945000e+04   5.7178751e-04
   1.3951000e+04   5.6726231e-04
   1.3957000e+04   5.6255698e-04
   1.3963000e+04   5.5794400e-04
   1.3969000e+04   5.5323434e-04
   1.3975000e+04   5.4839713e-04
   1.3981000e+04   5.4379916e-04
   1.3987000e+04   5.3915107e-04
   1.3993000e+04   5.3442922e-04
   1.3999000e+04   5.2941389e-04
   1.4005000e+04   5.2479375e-04
   1.4011000e+04   5.2033114e-04
   1.4017000e+04   5.1580539e-04
   1.4023000e+04   5.1125186e-04
   1.4029000e+04   5.0663045e-04
   1.4035000e+04   5.0222340e-04
   1.4041000e+04   4.9764977e-04
   1.4047000e+04   4.9305097e-04
   1.4053000e+04   4.8847699e-04
   1.4059000e+04   4.8396341e-04
   1.4065000e+04   4.7953243e-04
   1.4071000e+04   4.7500817e-04
   1.4077000e+04   4.7064482e-04
   1.4083000e+04   4.6624159e-04
   1.4089000e+04   4.6189834e-04
   1.4095000e+04   4.5732280e-04
   1.4101000e+04   4.5291780e-04
   1.4107000e+04   4.4820342e-04
   1.4113000e+04   4.4373970e-04
   1.4119000e+04   4.3924373e-04
   1.4125000e+04   4.3501611e-04
   1.4131000e+04   4.3072489e-04
   1.4137000e+04   4.2633650e-04
   1.4143000e+04   4.2205978e-04
   1.4149000e+04   4.1779221e-04
   1.4155000e+04   4.1329224e-04
   1.4161000e+04   4.0907597e-04
   1.4167000e+04   4.0442726e-04
   1.4173000e+04   3.9969615e-04
   1.4179000e+04   3.9550734e-04
   1.4185000e+04   3.9121402e-04
   1.4191000e+04   3.8686434e-04
   1.4197000e+04   3.8271117e-04
   1.4203000e+04   3.7827975e-04
   1.4209000e+04   3.7415545e-04
   1.4215000e+04   3.6989000e-04
   1.4221000e+04   3.6581114e-04
   1.4227000e+04   3.6166985e-04
   1.4233000e+04   3.5742856e-04
   1.4239000e+04   3.5339226e-04
   1.4245000e+04   3.4926397e-04
   1.4251000e+04   3.4516221e-04
   1.4257000e+04   3.4101804e-04
   1.4263000e+04   3.3663038e-04
   1.4269000e+04   3.3262863e-04
   1.4275000e+04   3.2850075e-04
   1.4281000e+04   3.2443231e-04
   1.4287000e+04   3.2048831e-04
   1.4293000e+04   3.1657928e-04
   1.4299000e+04   3.1227685e-04
   1.4305000e+04   3.0839297e-04
   1.4311000e+04   3.0445063e-04
   1.4317000e+04   3.0056431e-04
   1.4323000e+04   2.9665821e-04
   1.4329000e+04   2.9278837e-04
   1.4335000e+04   2.8903796e-04
   1.4341000e+04   2.8515011e-04
   1.4347000e+04   2.8130908e-04
   1.4353000e+04   2.7723961e-04
   1.4359000e+04   2.7348304e-04
   1.4365000e+04   2.6973720e-04
   1.4371000e+04   2.6597074e-04
   1.4377000e+04   2.6211577e-04
   1.4383000e+04   2.5764390e-04
   1.4389000e+04   2.5400054e-04
   1.4395000e+04   2.5045913e-04
   1.4401000e+04   2.4668888e-04
   1.4407000e+04   2.4297655e-04
   1.4413000e+04   2.3917265e-04
   1.4419000e+04   2.3554088e-04
   1.4425000e+04   2.3172180e-04
   1.4431000e+04   2.2727917e-04
   1.4437000e+04   2.2357771e-04
   1.4443000e+04   2.1999545e-04
   1.4449000e+04   2.1655011e-04
   1.4455000e+04   2.1296439e-04
   1.4461000e+04   2.0926028e-04
   1.4467000e+04   2.0578796e-04
   1.4473000e+04   2.0232186e-04
   1.4479000e+04   1.9881926e-04
   1.4485000e+04   1.9540351e-04
   1.4491000e+04   1.9205404e-04
   1.4497000e+04   1.8877423e-04
   1.4503000e+04   1.8547154e-04
   1.4509000e+04   1.8208981e-04
   1.4515000e+04   1.7879995e-04
   1.4521000e+04   1.7546078e-04
   1.4527000e+04   1.7209619e-04
   1.4533000e+04   1.6867329e-04
   1.4539000e+04   1.6521378e-04
   1.4545000e+04   1.6189758e-04
   1.4551000e+04   1.5862194e-04
   1.4557000e+04   1.5536155e-04
   1.4563000e+04   1.5228105e-04
   1.4569000e+04   1.4916483e-04
   1.4575000e+04   1.4599948e-04
   1.4581000e+04   1.4286639e-04
   1.4587000e+04   1.3961505e-04
   1.4593000e+04   1.3640028e-04
   1.4599000e+04   1.3335168e-04
   1.4605000e+04   1.3028040e-04
   1.4611000e+04   1.2725478e-04
   1.4617000e+04   1.2424200e-04
   1.4623000e+04   1.2129135e-04
   1.4629000e+04   1.1835303e-04
   1.4635000e+04   1.1539134e-04
   1.4641000e+04   1.1185442e-04
   1.4647000e+04   1.0891864e-04
   1.4653000e+04   1.0594889e-04
   1.4659000e+04   1.0305194e-04
   1.4665000e+04   1.0027736e-04
   1.4671000e+04   9.7502478e-05
   1.4677000e+04   9.4608025e-05
   1.4683000e+04   9.1865819e-05
   1.4689000e+04   8.9066754e-05
   1.4695000e+04   8.6421677e-05
   1.4701000e+04   8.3786927e-05
   1.4707000e+04   8.1082744e-05
   1.4713000e+04   7.8301833e-05
   1.4719000e+04   7.5726583e-05
   1.4725000e+04   7.3168009e-05
   1.4731000e+04   7.0670727e-05
   1.4737000e+04   6.8135758e-05
   1.4743000e+04   6.5631151e-05
   1.4749000e+04   6.3142070e-05
   1.4755000e+04   6.0701805e-05
   1.4761000e+04   5.8270103e-05
   1.4767000e+04   5.5921592e-05
   1.4773000e+04   5.3582912e-05
   1.4779000e+04   5.1037980e-05
   1.4785000e+04   4.8672849e-05
   1.4791000e+04   4.6422621e-05
   1.4797000e+04   4.4203971e-05
   1.4803000e+04   4.1830139e-05
   1.4809000e+04   3.9652586e-05
   1.4815000e+04   3.7454908e-05
   1.4821000e+04   3.5310585e-05
   1.4827000e+04   3.2838822e-05
   1.4833000e+04   3.0789870e-05
   1.4839000e+04   2.8736147e-05
   1.4845000e+04   2.6740194e-05
   1.4851000e+04   2.4818273e-05
   1.4857000e+04   2.2878157e-05
   1.4863000e+04   2.1036901e-05
   1.4869000e+04   1.9187523e-05
   1.4875000e+04   1.7388722e-05
   1.4881000e+04   1.5653610e-05
   1.4887000e+04   1.3943693e-05
   1.4893000e+04   1.2259735e-05
   1.4899000e+04   1.0619295e-05
   1.4905000e+04   9.0401374e-06
   1.4911000e+04   7.5405085e-06
   1.4917000e+04   6.1102396e-06
   1.4923000e+04   4.7456013e-06
   1.4929000e+04   3.4932252e-06
   1.4935000e+04   2.3444384e-06
   1.4941000e+04   1.2501897e-06
   1.4947000e+04   4.5530396e-07
   1.4953000e+04   0.0000000e+00
   1.4959000e+04   0.0000000e+00
   1.4965000e+04   0.0000000e+00
   1.4971000e+04   0.0000000e+00
   1.4977000e+04   0.0000000e+00
   1.4983000e+04   0.0000000e+00
   1.4989000e+04   0.0000000e+00
   1.4995000e+04   0.0000000e+00
